524099
817153
755790
102740
534017
593328
216385
352295
641932
199497
334144
928616
989519
400235
829293
696248
263989
201963
383259
944755
186760
145553
204490
153180
651144
691691
837513
472019
977283
918313
505507
817628
364875
151089
412907
887838
841172
138602
213399
411012
259237
455838
104693
152980
246879
245800
201397
841817
699138
708786
252992
780583
881954
382600
706453
277990
802325
786914
701401
849954
807249
139222
996160
902328
392276
457105
212829
359309
650287
126184
727428
257104
966989
669343
861660
811638
134737
220477
915932
446217
250799
743302
741088
899297
135436
544515
481087
836550
129222
277215
376677
601757
601171
684186
367455
678784
938678
102352
919846
678291
517940
766636
897300
995808
589043
151172
179916
894436
936823
771228
580633
519090
968626
550946
626186
859899
377585
782432
923284
510414
401680
369353
765765
357519
660987
301935
664387
644547
593135
411350
459020
944043
677727
232380
986779
107361
805325
950311
384588
536414
458192
667922
843141
644671
149170
183450
278059
754145
975142
369152
385933
352253
135080
380797
728757
128469
530357
756018
514778
141044
490819
654652
215894
409871
271211
887751
495403
791314
313189
561400
142384
193889
299007
124185
191358
106621
843583
236740
678908
369567
160496
575864
343955
784437
972950
650566
851524
866540
252065
955601
160354
827912
385748
542344
317545
846898
875344
268931
281771
745570
952356
248956
200351
351328
674301
344989
799567
355385
308711
670786
800496
688357
809480
605566
470230
930913
816411
258145
132594
584864
456038
256164
435340
456306
371142
578397
686945
131352
405907
360076
213470
728877
203755
420689
208248
615468
428872
186231
737587
193918
159202
589934
768570
411122
141145
367923
706281
389142
751740
127238
463708
630768
264947
734354
107540
919482
726865
221609
272278
610432
661174
458062
401900
223248
489990
158532
522913
610539
637306
719174
765410
199538
668972
846755
551170
516152
125224
761651
435379
590381
105019
496380
171036
570187
557409
255197
281277
378065
197552
982871
735291
538761
749700
660730
889186
330381
966815
420404
884314
545454
623957
572851
957404
822377
524991
902389
256698
870529
586203
797968
596448
992617
966080
252778
311615
737202
177326
156729
132517
758430
121775
731581
509511
738335
495360
968596
431442
282804
463281
914835
402974
230864
487908
868741
664900
124147
387589
416309
267878
239201
656505
646585
706256
989331
421582
173686
720423
190649
270319
859644
708047
534256
331346
802488
381871
775182
764713
772685
718999
427596
611020
820899
354827
711101
578177
155982
111947
909154
570058
109298
417135
583429
364996
942473
817248
230175
487939
256737
296347
592520
373193
123917
878613
942443
604839
330261
963254
396173
361164
320665
449152
723065
853589
585267
475292
531266
816697
761171
428226
227760
418756
502458
968800
204975
307584
987826
201798
681917
500887
281444
507059
775595
516938
437192
163978
249518
167631
759435
780291
571589
313794
853209
863256
629290
271710
309727
123272
411608
853737
969794
476497
434665
759719
162550
389403
346174
869272
948150
909749
143318
231052
468773
340102
286014
760645
721837
929389
201112
428140
735400
725942
725619
175563
818903
814777
493028
661962
878024
611802
196101
263653
573484
496010
550152
823734
171668
550130
412502
413453
107862
634080
584130
163409
262039
914253
105620
338917
990159
893697
731172
935697
353520
228104
887020
128483
586729
696418
394436
342541
941228
965548
779269
336807
543010
273785
561194
905624
386909
602464
828120
199967
980901
926016
303114
456344
802647
253807
942002
448418
473840
746892
314143
415844
362597
162496
536506
529088
975882
924566
892113
523568
404488
512932
990041
280109
131840
517626
567113
609292
959938
873306
140067
801683
839110
824366
366515
107009
252915
978604
103536
426269
733492
934896
107252
245805
591650
187961
667009
198954
234280
907736
572865
567348
690741
244472
926858
399228
438094
815664
868395
509046
722737
242680
279322
226553
499579
598934
763265
820474
435206
542927
522734
121693
455493
537863
957350
437317
209925
246386
763512
918074
172024
943514
903203
263311
436386
464293
605008
410756
852164
259725
951273
492987
530573
772800
326753
292736
518952
898208
758373
334558
854449
506306
126779
573019
126099
101658
688654
410042
683728
270049
254923
664764
146086
763446
253414
324870
835629
626154
157522
463093
826771
878840
649262
564188
541856
990268
970749
660454
908514
324421
882578
140474
750697
604051
332488
975207
920433
412558
866002
877412
830737
793818
936593
361378
413577
929633
849530
644112
437458
323770
246793
682023
115797
469387
460330
132369
325407
186449
932933
193006
527978
350599
111324
867562
766546
355567
399698
437632
182567
970177
778125
745524
139728
407234
240073
903314
592650
547287
823717
468110
795847
456865
528211
841133
794214
208614
874717
525964
213975
305374
207560
147891
603732
888080
352854
990807
378165
194652
160741
413561
717685
421810
828507
540095
407779
948134
304513
529972
661726
858522
280299
317807
230553
723940
439822
869939
105809
193995
654364
652291
801866
790944
528555
563677
567399
321021
270973
778873
329659
594212
562801
695159
976384
542607
111245
524523
269309
913088
944413
862491
778661
145734
115784
999471
656820
457417
396424
657223
308764
488355
407043
768676
257029
504250
749918
732117
329634
539974
482385
710321
443316
372903
926510
769284
681746
314393
910673
989862
167847
951397
815939
947526
820527
216506
361051
883122
754766
808470
421178
554499
411707
898361
852367
483949
969461
372350
221919
875121
739082
158981
658343
286156
671320
438819
753128
293136
336520
686514
246276
494092
735312
632463
859910
880688
970904
141622
444248
463574
610173
999877
917270
315043
382834
285616
799927
364776
817532
106608
329193
478744
801094
408971
469481
157326
699699
336844
951756
718725
925122
534800
386957
358217
395382
558431
144869
603478
480790
796803
549926
183342
137262
585202
742733
211875
469780
175198
127811
134264
520742
272100
360155
498928
196330
240796
127780
675012
562047
535599
233940
275823
772248
178545
707848
330011
391649
496484
696797
271147
463983
491702
816091
921875
329164
357976
231390
277440
863617
548446
622662
747473
479586
751404
539122
478197
389859
500049
989578
983039
816180
156099
582728
184622
980611
550495
416180
667038
516373
402297
646317
792693
289637
664534
723759
142349
289081
198127
977730
627023
307528
481347
172907
164389
591045
228048
887498
419796
338972
317930
746027
580369
411204
234398
121862
805603
246048
776684
985281
829043
616682
854330
274939
518626
178503
721607
852224
255985
398010
411364
756663
429505
965773
830444
623613
580556
910559
876289
426551
909672
342355
852285
629163
678733
697120
800073
109529
567020
422933
352854
235975
267426
205753
188150
497552
767667
168350
910661
893927
343940
585528
775686
937915
680133
715083
434420
792568
344866
230733
502208
227141
577617
389549
136783
476083
799812
804587
463906
356199
760788
740645
137390
106649
570368
112334
819186
443626
132126
934897
431919
376047
