768260
446642
775145
296275
660902
288411
769912
679709
679564
821780
437863
370243
679298
390435
327271
453258
447218
194669
567832
427672
545069
369538
687641
170033
740824
260179
659275
636757
997027
973883
807239
583671
751537
521526
513238
755216
777238
566555
959506
656194
100505
365192
778923
106933
132734
923188
475730
750338
569874
406682
333952
178459
185899
424716
810538
266667
220534
776891
350057
207101
723023
811464
550060
503986
396874
458161
727938
858800
150009
977263
959714
703090
118748
401972
616384
416901
874102
965787
704971
269053
346794
641007
414927
657565
326709
800717
753471
404710
635817
376639
911878
927268
337511
300755
784178
634195
397634
869280
255874
948515
390445
620083
159143
371535
826013
609351
389828
817901
901003
960575
136164
697780
480469
530430
756292
136149
711053
985581
464206
357479
715946
236230
825563
987813
894877
306219
698835
326146
846634
926056
370109
603480
198100
484013
104833
934199
758387
558874
261069
952875
176205
903207
495558
504482
362714
134931
161591
321822
529330
155461
804066
252621
659603
996814
777034
549644
230123
232551
652258
661645
154479
314193
431486
991660
620490
571410
535351
570741
267732
257249
630796
997784
754876
457737
526338
872012
733760
927283
833300
969091
271426
668879
823616
925214
408756
247199
804456
373908
233320
703140
890218
813757
129666
135969
369468
773945
683284
906323
118623
579823
805631
785969
685777
479232
833060
463944
862080
862432
325729
694175
268792
682167
147006
716157
377289
219757
813414
370611
642944
605706
701705
501240
899712
827157
707552
903367
997372
882074
408822
787020
144614
846467
881329
848487
199412
860069
394798
865051
281934
851208
288511
866886
985964
274964
350251
520744
920204
473105
659425
239721
956604
544057
575643
562374
333850
287305
502575
491048
590599
485362
475851
932462
308968
664293
965942
177433
594854
824428
686386
823037
211167
486202
461455
217542
293053
349369
241809
517400
383378
973867
657963
351824
706482
639639
371721
125052
496420
824719
399773
906999
691590
694861
686139
817949
852871
814930
337206
679992
941452
262747
491229
251575
240770
662589
479441
895153
573092
879549
995455
253100
977938
587412
858907
250682
158252
778619
305435
916113
327325
945857
401353
251610
924275
162712
689469
567264
949723
477880
820643
587122
719140
634319
470697
239581
186353
394680
412865
681610
201087
206736
907397
228130
174761
840904
734614
810598
981203
411670
767188
843033
750786
988704
745007
784205
303351
708239
883623
806020
811816
863782
559457
594113
560433
263410
741372
598548
840101
678707
840242
536410
585056
754575
744318
587208
175701
913490
153109
394048
483364
871774
224601
392386
210417
685868
727414
865244
346798
125469
165270
506145
870980
262505
830371
550609
544259
430318
568739
806827
215272
629226
177513
701758
445684
664812
676030
520708
550495
330178
624620
979582
363687
251913
582482
741698
586404
745120
763488
923889
281009
476353
758487
741198
105002
979619
679723
917184
324411
502443
813115
715982
660438
389807
349437
259264
238806
764113
797584
969908
934724
649540
366508
518147
586270
401063
207928
552073
301775
978242
705982
235778
836832
717916
308402
915012
401136
332479
995142
796913
766614
665884
310970
144717
122091
200661
980401
829870
815336
266463
864708
166247
523182
323064
893275
987351
149739
750735
832494
132360
443436
978661
706585
157653
702643
532286
411429
126718
904004
226766
759948
341526
533843
434408
510643
345215
874037
437056
801010
280251
966603
334369
166740
385818
517113
774625
559499
561548
842347
987674
489883
400532
315015
333994
992009
119971
488137
403549
790193
748118
378666
576957
154525
524424
507271
652425
196507
356200
446616
129868
583975
505442
338089
349787
149713
956428
366634
718688
779027
216302
313416
979754
678254
537941
428318
307237
173919
616541
658303
842092
282461
405654
128199
466650
482448
766824
499616
571368
437589
994851
169933
363460
598898
176096
506466
230922
577489
877998
199461
993715
220181
263744
281302
890241
101154
648019
173102
825432
482935
518322
931527
225712
153874
784461
286785
152960
958957
682676
622173
779901
946988
652667
795530
808436
693233
689291
311130
871390
654467
631406
447293
841367
467108
376105
428756
209695
607220
329423
715314
178356
282331
881521
504147
418192
694505
652794
857111
360578
345297
542284
705805
758407
713373
388596
768808
301643
424122
683434
510216
216750
241933
831368
737271
332569
907794
811816
334776
404833
867170
459274
920030
595344
151655
603124
855052
718942
979580
393719
290472
244939
762212
259386
818204
798716
887356
995924
967302
774567
416495
998655
370865
491392
469788
467352
733039
721981
808321
251442
551168
137552
916303
507595
307213
902233
281253
283188
168025
531882
744418
266064
794997
284628
842515
627923
974078
812144
381100
707362
456505
401507
499940
581591
812153
826828
499039
223842
500360
977900
889934
208177
855496
748431
790454
626677
917997
476884
229969
802444
162150
820465
113121
688581
161984
574802
454164
928323
735729
508630
237202
664173
855157
957758
646271
965630
983122
990291
207543
609800
661159
613043
496968
103335
938634
443955
786048
478223
831633
450828
702875
730876
841886
562656
401692
131919
938095
624010
521347
212507
615510
236943
597015
673080
357059
333791
789042
505158
216744
645231
491146
233268
789521
753734
121022
296974
909836
336659
877109
282226
919997
601193
447005
253887
222212
893414
339678
187685
818783
790763
360536
745503
720944
367697
141014
777274
286640
929328
694062
686967
641344
407443
830504
597403
650026
944858
830031
907458
857686
511404
101487
484499
153755
265127
393316
948395
970495
462228
590569
616385
388772
395029
521374
900623
984088
923541
631720
596947
451772
450716
847509
330994
393401
273579
964511
505133
234721
892964
862668
535523
809449
823731
836543
739922
234093
589651
513087
289756
454898
872405
405776
912356
153611
100223
431468
637990
384544
850533
319389
872184
559802
632153
244706
998068
958305
804090
718437
148998
559156
898716
374616
448139
105629
867174
477734
285562
315451
887975
371692
827753
986427
469348
718600
649143
125061
415325
645077
757708
776689
218165
346489
499625
543853
605088
308353
240341
213897
945908
437247
276157
680437
473500
439455
376933
962508
215882
763097
800553
557698
460856
453424
276618
949801
969134
566978
164267
545621
556874
255138
760985
736936
202311
346774
187721
409089
922376
275532
902302
499580
662017
334456
137268
522323
564536
842075
715128
277443
980600
435122
538698
522860
272167
347294
200839
676379
240928
962251
113068
138002
364633
690627
100867
485463
164984
966814
479006
347617
961647
534051
532378
788935
905740
596449
252662
438337
241184
865966
890292
692422
184447
327193
295816
889867
971406
329816
295421
404514
180449
386190
212872
524703
147362
627468
569556
891138
738892
780867
918606
266778
589958
623966
675675
248953
554255
805305
566496
851099
477101
322139
320512
811360
186704
605089
880235
893583
506090
142311
651776
113243
365778
293827
987352
792062
807530
