Teste 1

267565
229167
693676
861879
902325
622867
261273
194764
303620
932051
754735
893715
154734
707878
643199
706822
864910
387162
722680
915929
591771
459746
636553
648139
490885
596365
311538
981020
944466
717516
517867
418597
438841
796483
986088
489736
330399
254039
369274
875431
989358
521071
508546
862566
784774
162970
313110
840381
369328
956630
846277
769862
529960
476122
559914
210738
304814
596174
822055
390233
304091
162564
993675
229455
674354
794286
312879
588848
283328
447699
668730
233762
152688
796091
148768
824783
928331
989164
825749
545935
708199
682534
702079
621247
111975
977476
274818
660674
528910
301033
872675
602969
145163
188684
376027
797893
883713
587419
198838
437118
897963
843772
702135
674181
117010
951622
496430
410289
756413
997471
606015
794164
855458
485232
903483
733433
972539
324795
213388
410886
350814
613553
715073
765920
263711
206518
122681
642710
428037
703452
742514
838638
222398
542245
175786
181323
398680
484816
752179
306459
789364
496763
212285
490441
774153
632115
554221
124185
885977
764757
721680
715630
434650
758960
908368
710555
607372
107746
911998
188067
769257
497627
958865
456838
638722
750593
572164
541997
912256
702297
735674
931267
381076
810281
671352
668719
844541
389636
809494
463925
113039
834555
933875
638623
261890
411020
345484
299478
863913
461541
922918
824726
677257
253748
136413
285079
502480
920033
508367
910090
618047
710379
584632
903093
894931
942055
656144
472793
724439
438319
343939
957350
327280
904159
262165
691897
452741
863664
667254
500644
373442
679568
255265
591631
253289
168276
333670
685129
938092
318721
338590
226475
225219
333162
294420
843720
222680
555891
706091
702960
935496
531940
545695
117791
691367
493158
193834
208662
785029
568518
567852
162990
472351
889466
435417
835014
370789
639424
655636
469949
255356
436046
130846
624066
154996
832392
747029
854622
716147
712138
301378
882236
861027
420023
504354
645341
331531
339754
496741
213776
991091
386474
870785
607279
502729
820845
765620
807473
916727
189098
631026
532255
738285
508623
974311
496440
295756
791291
113852
951031
630032
824738
947850
264355
510990
564356
508138
564860
759736
489572
828147
979819
205212
637330
258050
375364
801330
982262
858438
525487
175288
160011
569492
827877
209464
423955
743954
260298
231139
200277
191917
151188
876621
236729
260977
368776
453749
726467
840118
315287
264953
111017
381651
798612
223263
501526
479279
689323
604456
441980
390520
260298
398344
217546
542560
329726
512032
974648
749747
213720
552142
633288
516071
115014
868216
834757
440493
546155
366997
264330
953860
166724
480895
151130
318518
416041
149014
532543
660666
208655
246075
591534
767470
266025
528635
240127
308998
297230
948062
756684
771388
790178
267812
238925
212297
314097
176898
614535
838833
505934
125310
909869
172164
949874
196839
263885
717168
867523
297973
104124
543682
476125
213094
375322
135364
300114
683122
155453
620671
344691
181218
168282
898146
768615
842452
620121
849959
120286
992857
253555
279955
410296
569414
284422
427719
698458
959021
228778
789857
871943
114886
361742
565933
682887
804942
224642
998666
972688
588178
148432
664564
305714
253712
230866
171937
523580
560777
184738
663929
156032
866324
760436
574992
538285
232257
716118
504939
216022
827311
507251
874871
173421
344216
598435
427420
760010
520819
423568
807249
723667
446960
895183
885489
962366
670747
531267
558057
477952
778247
346112
187131
879056
333649
646937
501415
643815
383192
305221
378887
849092
716294
522322
324561
180498
852434
456596
570323
405251
811539
936786
651050
228860
950847
951369
482360
707060
904021
399319
826489
428726
446918
468528
507848
980538
272529
873919
987776
328486
896629
428875
202281
981366
349251
463420
394421
293422
772651
515367
433217
176878
337260
747039
263838
392064
571645
868185
489141
797371
262655
654339
477697
625455
456565
133189
217170
658076
470553
599910
843044
245871
396730
797658
489225
562797
871838
378629
618516
817556
102528
538696
113429
582652
505052
302314
907178
642242
672656
888748
998446
478548
464775
244270
108161
790994
231792
431272
226449
999449
710713
728776
191214
807395
224346
867482
396767
126727
118016
709098
304630
862622
114241
534040
922727
219066
202439
950360
194810
582216
318190
572161
936376
835297
765670
223258
338522
387795
990836
652212
465899
134761
201845
206698
685419
885115
390770
373240
213356
996939
217518
677346
755873
166415
376671
582557
955171
768247
333317
496494
542037
554465
651425
671720
210228
832051
126664
531461
910292
373531
286759
223920
815727
498021
689061
301962
907317
649348
937161
721357
359629
541780
556620
815273
675667
474578
534773
381752
985532
771593
510835
549292
722846
516039
688514
298916
853596
351165
206647
967523
192080
475115
140377
677491
807128
710840
229644
170537
384297
889189
270916
488115
893745
674949
549061
178236
205861
611035
964275
860017
406285
627553
607056
184491
218189
279724
628473
383635
104854
538044
883815
849338
579159
409213
999766
906663
557227
287233
895394
535966
556327
652852
420511
402536
439721
428212
199118
773549
849354
648973
797335
836486
223760
906698
834148
487559
883922
994174
977930
575469
380071
762646
137536
373869
498628
966832
718336
280796
456915
244997
815653
707885
283599
134719
846829
952371
813681
249837
330346
792348
573676
927278
553524
659444
253592
640673
417119
206421
606277
894145
371694
897041
713711
373789
208044
773928
687279
991119
978739
609913
482750
768549
660819
248754
914836
766557
325676
864784
439693
116618
645111
593612
141985
201665
476719
585397
458115
289622
742549
926181
782666
393376
356915
260471
453395
393818
307937
333217
253076
641860
249964
616561
886030
717069
965115
709015
206437
627318
991314
990987
427547
737765
757442
461875
654527
592937
160820
146517
945059
874291
161178
766311
627137
362616
243127
283861
149216
421570
847436
490659
687918
642081
254990
736961
620955
473551
815073
819819
652684
736059
738117
888891
134499
934882
697142
665167
226875
650721
766355
596597
546453
777059
807559
275481
202076
451518
648825
116766
185367
778964
671881
737713
524014
772396
684181
670873
988960
624935
834856
117118
915535
723831
283739
762761
714387
998160
362158
596976
324179
572937
668854
552360
410089
591364
194876
184553
180119
772674
894839
100671
569110
230754
113012
123128
868077
106380
403630
683510
964296
875150
430635
836298
738859
395572
641813
486026
831443
796017
586710
787174
954219
744299
520340
460155
463210
948146
192622
804078
507053
549048
764333
144339
601138
428899
516295
363594
328421
623635
877331
794347
446367
700627
722447
744872
321574
159079
681098
951992
206143
198645
403223
291647
882863
773843
462198
979282
641912
282192
509012
130874
262933
670443
231131
321551
604711
489519
497335
740796
699333
433273
954314
465421
856051
442948
753895
433038
944935
572796
782331
428535
899758
452122
879841
771060
735140
259860
705081
281367
974726
312572
539662
212595
273914
471380
373220
813617
150464
901584
194441
820084
555554
831513
-------------------------------------------


Teste 2

983055
464167
151210
975328
473062
930886
122093
170157
796650
339913
706114
476282
679921
890497
430478
638661
168668
375053
164311
364358
401169
985167
176654
800560
949451
601529
869216
513832
212595
871740
162226
514344
376496
919878
166710
448292
595291
438736
757466
492948
152950
679934
719149
454720
629947
844114
403335
248698
343235
667183
357665
105677
821288
162894
602272
258587
569695
167856
125075
838153
911175
491234
420460
804065
970356
910078
479686
588432
482173
550858
601766
476755
686479
699959
504485
857537
826042
540314
775357
927966
621426
338019
433494
211619
713339
763430
146021
584521
424220
243653
180082
456832
870654
637547
201120
550723
190667
926190
803420
752550
147684
204326
298938
150538
625032
178029
572162
461731
257887
691372
920646
405298
704672
327640
901843
545180
522445
195982
147141
182540
484558
101057
396375
420515
993062
520643
153858
669448
973118
139283
967787
714412
678320
749774
147782
830075
906128
707690
704882
387345
708860
993149
200636
878357
715623
725287
658892
883972
251517
170215
987269
376932
752699
344274
163137
977780
247485
660186
970662
248670
469370
746249
987124
842815
650298
106122
107916
746049
363878
593618
568024
634261
456834
710346
965669
385684
357912
217664
195287
475489
137090
225237
538330
549785
262229
982151
355828
742616
810797
155478
906516
622432
588820
422572
217026
927650
683656
586983
835395
536564
638148
256630
740349
573333
306781
304165
563537
711079
228440
141619
261696
994759
563769
482648
344070
556456
876655
521160
800494
961156
191924
252438
511253
373292
388024
225978
895799
762937
616749
257078
632286
577883
131470
564960
575852
275189
546661
244156
714962
411671
578538
792167
374974
368250
651732
740732
262298
217548
604089
106462
966897
113580
954236
846890
370658
796610
714739
936679
603160
989470
571061
104772
595523
103953
922011
428684
966296
815223
323044
478927
121994
380255
467565
170386
353863
256866
834516
855085
513754
929926
793049
532370
595726
978775
227342
951451
874823
944526
263461
695858
646484
343085
640931
367033
412917
624635
831598
704256
874566
929591
735873
118914
434386
934644
918433
337248
612620
293671
446987
461549
782516
207649
400484
331374
892242
132635
647335
115453
547151
101967
180661
607020
973270
316725
526370
460376
666499
246979
383588
282884
720183
141437
423454
822110
328349
434814
578437
611935
949631
263647
573170
619622
746682
876311
417968
866926
279247
781335
384349
850541
637169
587762
191878
196978
225032
917043
123926
255480
201958
370668
801795
539660
938083
726387
325476
197540
523295
850210
493426
489820
261450
954915
342699
748234
522946
372315
471040
924951
387858
822714
954687
765483
356127
467289
201487
435495
763951
288836
844472
703734
367130
857290
960649
465915
965743
620143
948282
950469
286167
245461
943848
913194
289744
105577
711994
558546
387192
662637
937749
922538
865091
499591
577283
486614
428044
610633
395877
357752
980718
750479
502025
556042
650787
948415
690419
739837
784070
615459
233249
418921
316029
349490
193395
179718
480475
708347
512498
937083
302684
464524
204126
687425
298267
587037
804827
997853
932656
607140
929894
786923
114647
280387
770115
117120
250367
551015
305992
481962
316395
612631
826617
949937
455277
708345
216563
645222
369215
580786
808573
656827
284957
655093
401776
748363
631763
932976
132352
914243
349782
595317
650174
547165
267958
394446
187436
711348
832722
201911
770618
829023
106962
915022
715557
244999
524961
703017
891939
962725
301071
403548
430252
194235
601675
735447
379178
213160
749010
510970
235331
538040
973688
363072
163342
615045
270316
335965
684324
610075
318045
372722
575817
167198
662698
910244
201212
829478
174274
970529
792377
339178
440564
251972
209695
714948
164721
427757
824464
494822
545231
737696
179538
173975
316082
398994
457090
707754
123987
398272
773596
511823
915665
279563
365388
976094
257090
342181
460568
866896
995649
886084
768362
770871
850440
469661
252642
890089
506291
288526
222976
402470
561975
207787
295967
741782
962930
516234
224438
789856
743726
284527
198141
933193
613852
178061
871371
471077
670760
392744
273930
477442
341862
411632
133093
922051
441753
430397
778028
423644
398489
913841
927469
128194
776570
669910
401462
126491
395699
548853
720012
212691
455684
175478
532483
635778
281259
464355
812427
502485
741626
534690
956110
871378
649365
401195
138438
984562
600942
858979
512871
344346
586858
310255
390741
464870
195696
674059
191062
923813
761768
687422
201618
910984
318818
206432
562068
538879
102887
448389
671790
647690
625369
799642
926432
789531
407423
315498
587314
818415
313892
353641
302898
888334
206873
254982
140752
152327
327090
472279
126239
155757
652367
219987
406634
306320
927924
229027
608124
454678
681946
250991
943480
950122
389910
180111
318994
778364
541640
338985
545137
468242
551694
348115
528235
529567
373411
958989
335387
509922
334579
746815
762955
680526
548380
116196
111871
348933
744677
543348
279268
931162
376351
335227
163532
461592
905498
195434
907358
695357
303983
395099
328642
675940
139745
466952
131937
252941
248760
255024
382152
716992
129854
450926
333778
716654
607650
974138
293638
633869
760284
544853
353311
850681
586291
147133
197090
678875
952255
925463
159450
749448
235580
955621
654968
746684
578556
120034
639839
936515
601291
820923
246725
899330
515211
262088
693314
239458
969371
154182
461491
510068
734577
213575
622282
850719
892939
734443
947833
995838
886258
247698
761112
759180
112233
931949
513869
567939
536322
745718
811450
433912
570887
413650
514762
526890
404427
915994
817131
112783
755842
154457
308920
491212
363981
886061
606098
718699
970173
762640
408578
578675
958468
317628
554392
204327
275433
220034
545858
925387
239919
626252
195744
300991
265492
147356
138046
745027
957637
635477
311629
884471
937089
516620
495022
855151
901742
675641
844524
274290
495240
620925
304883
359671
498489
598150
693454
716734
611923
174015
185058
969689
460980
243970
867941
382354
522394
700516
370075
523212
602783
897525
206459
576256
709364
674232
501518
420838
475644
116490
960567
169029
231928
707618
112939
965286
482035
798330
802073
806374
730143
463133
413764
286495
417349
522940
556957
578895
843045
779377
400756
861560
108314
240328
437888
430721
619917
419990
454449
202221
474236
529765
239496
303034
324446
814381
915057
232926
357034
588194
425251
492081
497398
254952
930334
846574
733014
974342
330728
971947
194242
928116
315276
559633
840762
822118
733598
821775
912777
744370
182936
671136
960217
100159
325337
427779
526540
846541
754453
775132
977621
603316
702218
325951
141093
361285
815634
926684
798146
163581
159266
729776
540864
585038
864155
520410
264995
749784
762986
172437
652388
714017
484646
115523
892573
580619
272924
342372
433633
234252
630722
362091
778991
416427
200481
306667
766572
131631
364632
302567
447656
644273
796561
758261
861150
624727
473044
554292
907361
417053
138419
796915
352064
346940
264269
964329
598018
425954
168928
705843
500335
404384
-------------------------------------------


Teste 3

389853
130330
862817
859494
366567
557826
589476
824881
756619
685947
242567
975538
693626
253532
262277
481326
605048
277445
522347
344944
482128
698596
903168
462019
786435
793279
510380
802279
525449
757219
718221
782461
213197
300775
232633
444541
100194
235893
864721
224611
475531
744941
526011
179073
116798
796311
147034
468290
128425
658626
926243
949262
100738
971875
913339
162889
745282
154678
437790
762093
219120
746894
622617
950121
199628
210191
876922
207717
114661
970882
443927
307845
975082
236681
918981
207635
247399
758376
679443
506527
730523
377060
787785
922557
859640
485727
884895
895829
133741
488570
920316
724464
533771
864245
615632
866757
290933
396830
168596
789898
304065
126963
382150
799159
397723
634133
436639
490458
838525
246416
781457
712586
665715
778515
299972
260813
494721
649162
209793
805371
987749
548435
201736
629087
569091
699296
493037
159162
137689
417591
871782
331989
827941
735062
395919
348379
674979
284749
514666
457443
269372
370990
199456
579893
148314
430782
642250
261360
567193
737267
372932
496774
150140
137314
117746
944861
902853
400443
976423
486761
315032
913513
463276
893415
535552
673494
527051
699621
591854
650163
982981
615394
765578
590734
741672
312337
858190
168483
702219
833061
922724
319252
918332
502871
557468
211918
540784
338993
545340
735472
773564
448697
321899
636940
966696
145644
961894
347949
892621
709589
494846
774626
250725
954315
505625
386123
440328
223280
827410
221688
959028
884436
350774
397644
768848
856735
695341
797258
469754
790284
302959
270165
224273
249063
763994
914914
363163
757335
490784
800628
440512
159421
556795
176478
388899
865161
946495
600181
539516
466332
260926
722943
743594
867745
964111
359858
182871
826676
152866
104968
493190
830248
272111
668233
344486
867817
690324
682528
416465
959234
762982
573748
838752
964659
427219
485122
441053
498868
766748
133511
770440
754940
879287
293665
760989
427327
745732
490098
119377
145151
166032
529236
836989
523852
166464
730282
206720
224298
302669
898738
311494
846443
877160
452394
103087
718196
430651
851982
477429
441271
773950
486746
163261
760262
918487
165158
558953
731098
724399
990685
891068
745928
913543
275933
502077
137839
665419
692095
594027
119779
492168
597882
404180
850583
604346
218748
707452
302394
729574
324393
225992
892452
162166
150780
215895
197971
182587
344235
952227
278036
215456
257722
408345
223548
195294
266788
306326
576580
144749
530242
978323
414964
713637
701183
236344
251586
837513
654492
505233
568476
361171
857732
319770
881725
801043
861867
974714
507042
492375
185491
669266
566613
563882
892780
379998
424150
487682
589447
518065
232085
779445
896341
889747
701562
245480
960091
782319
527521
173674
740546
292874
695399
613134
713758
574453
114538
229773
494143
466026
693546
399610
882329
438512
118794
345861
632689
567393
618343
174630
915048
982634
662464
145854
983779
312731
660947
215664
571093
481959
180083
320574
276944
481929
849377
137584
589061
128364
504012
716939
402877
967115
638512
452593
474510
472818
594662
678296
454882
671780
287192
573596
586090
566236
176680
451579
507223
471793
669395
454860
697165
635253
382892
958438
323714
935629
214112
100848
533053
908230
265442
483059
251732
967039
399389
835970
450959
826191
769578
527321
214044
889227
270991
460098
252950
453926
295314
444435
461855
502113
241488
798839
576811
897767
867411
305171
691727
344748
887847
695532
952378
688047
363456
346121
590565
743141
379257
565579
565997
706495
859431
230519
368020
267647
499335
153064
377224
692976
924942
153729
674025
815350
161143
905438
393192
632681
992147
914272
142543
882690
344547
497131
433448
654875
955519
846049
900650
733380
867737
902046
922744
516879
284512
361588
808784
338892
696216
806549
567342
142154
898681
552754
107175
301992
849443
454026
831629
151719
589342
208736
571665
118670
975623
693720
633099
226014
657614
383290
440115
668660
974214
561534
414591
307751
279488
397016
624039
110923
145029
808331
733017
329279
201169
723299
859185
910784
298691
231853
937311
928399
302194
725879
355362
645585
547653
803842
516166
812678
944763
697247
417041
555996
899955
771392
311627
700371
856134
434753
841610
571277
677150
767023
106181
746746
743176
485767
544664
436865
930933
627065
635467
423899
205051
316759
601966
201273
487276
908948
489984
685186
668074
205361
294776
346612
150859
156417
137562
173515
530035
223421
469356
439055
172898
261313
507420
838623
116466
664438
276664
966174
298197
818212
178544
771476
272794
634972
633768
766940
317642
531781
746843
126343
642937
988823
819421
435479
113536
390335
205151
225376
961084
825663
812271
582451
465323
360295
109379
412060
251680
306438
966925
688657
898016
232326
326241
669949
347240
391082
546019
532420
308658
382464
925797
821860
836194
676498
416658
542828
943818
913643
311997
108546
591065
669141
864749
752320
530956
367896
344240
597040
397412
335626
312298
454552
354212
293286
911337
918380
746896
361629
158443
554533
604158
874725
681712
278699
367578
748424
392839
847724
613977
664816
132650
329559
563488
149366
434757
992780
682844
722397
562156
821444
265662
631038
140996
514168
270024
470176
522636
902591
705012
989192
460746
838623
365667
907281
319512
918048
143694
761517
307479
112638
649910
526287
515188
530514
925964
890757
899680
531080
533060
964284
655937
648563
177992
307226
704062
239284
681073
453143
465218
850727
650964
314641
767312
148579
597655
460539
531353
211290
444622
564311
189057
852083
957623
350290
808172
652358
343693
729940
498282
632487
584129
565412
847998
889993
596582
322896
172396
121464
544437
176669
474380
159583
785240
375381
408871
371417
532543
611635
454427
338396
715869
732112
126752
879931
884548
111179
604525
887598
827839
719653
816847
157551
319098
681885
496864
147852
157789
832933
862111
952499
885599
664667
820218
525983
819465
353369
228932
586920
674499
392949
246729
923633
523795
513452
653871
905635
789093
876939
432930
757584
146466
794032
499453
729858
155710
397889
861274
743473
146860
227250
431246
994672
277617
831815
209971
406039
390253
292426
391784
915442
702368
937463
554184
345255
868419
592087
660588
393594
749752
150282
571695
651371
822717
891399
707868
866413
671172
676755
484722
694579
797262
439862
309816
834038
519168
347071
686352
912920
855210
233931
478638
916575
546037
413979
234268
137454
197124
728444
866441
277971
865745
264151
174898
957095
872184
280942
121312
630013
750822
129779
970428
572279
274497
383021
835370
859568
708740
297335
353542
305358
615399
531336
505170
166454
406352
795183
396278
679534
490352
612867
506830
960055
782982
113686
867266
888892
809389
900265
288245
453899
617216
558850
400922
722357
632343
495227
604814
264078
920715
300835
684967
148056
804022
686046
827943
343046
212885
777120
498336
198930
375598
880663
323074
804116
667588
976366
986332
276482
402228
114879
658453
411877
766955
188332
333820
407677
699238
224796
626349
515876
986893
582761
123146
848728
329449
549126
826856
288720
104434
-------------------------------------------


Teste 4

678111
755210
902616
124376
948088
525468
394170
743875
979810
587515
968154
293728
162337
986061
452724
473536
625647
893947
557446
453867
506777
361842
184198
833888
466171
103710
418952
580558
423953
799695
216444
987277
717679
821074
844545
818891
211279
390918
441125
879081
654791
882015
636393
527493
121085
212768
598250
123576
980894
548560
901712
501322
726673
211516
253090
352694
895970
674924
825739
824947
374398
117713
170177
121522
675939
896291
954948
115423
927559
126215
716041
736840
341446
748728
283536
178863
237821
618268
752193
612455
522171
755387
740745
591036
649510
712225
690916
832843
565897
691652
473098
487833
997137
445123
295472
331045
123742
411910
305490
759397
680876
700913
716590
720554
681473
823445
477366
629244
788469
587493
685238
967646
478478
858991
331716
196650
816278
545867
204716
591261
190633
224534
748088
338460
341420
370757
449575
341976
949922
726335
314719
113694
678385
479171
303470
103354
255843
232390
609989
299354
247175
932223
689938
310046
325182
456487
130536
626869
822874
858185
762168
263198
722363
685671
437845
503858
426477
720732
511860
895882
255161
853519
423713
514264
713211
376143
508858
552463
754236
249110
450041
831261
226472
668168
584853
948136
621554
186787
493813
643062
358395
207333
171665
764818
222677
802149
181559
638183
651236
790315
896394
792547
151553
950056
686814
365457
658273
280058
243641
361065
224113
741954
684499
663611
867374
338475
381140
820970
518422
811530
155994
312892
994052
196168
529634
901662
786518
888398
519344
497326
567289
659028
696157
598132
683691
720284
311271
142794
696423
313317
819546
967390
715934
243187
109067
700875
473163
964134
410182
412968
308666
475427
323453
114130
723826
808759
306836
671046
629921
104578
478017
698737
146959
504520
130460
519193
652831
705322
572913
129188
711334
259364
636268
335069
153462
944358
773929
594244
790594
742972
236835
173257
526989
148317
692213
626125
912161
583759
603586
445795
920884
925830
760457
730836
932130
564130
434131
330466
919329
965399
186073
756469
312570
293232
860140
358070
277165
408516
915291
407759
654813
732775
805253
257533
365628
735123
739646
966983
990190
966990
906719
283175
782313
654933
839866
366689
187134
594835
850677
863138
676540
410671
712647
234189
128654
241055
788461
664893
538289
294139
914967
585351
297031
496455
484970
101775
564049
490399
360195
306228
108699
145728
997648
995079
809419
451281
347973
322767
316078
818172
497620
877653
255388
309025
246864
483089
756054
121086
906258
115431
351388
505057
371879
212225
936710
277255
375790
467879
200116
849548
527521
588740
546750
360164
688890
425561
612780
706383
289750
288143
946985
977418
830590
458999
457855
931962
269626
699630
245670
877426
401095
992437
716173
969775
604631
461493
614459
172952
128424
506513
319947
588975
272395
417510
180618
310838
776692
489825
398025
343256
929332
119928
838062
851665
402595
987552
443813
966710
636084
236081
939462
678213
959697
143284
729549
393873
331129
236840
774091
205498
429963
748514
949270
597769
470615
499551
158915
371453
445455
644347
587077
672255
524975
232156
902297
875971
318197
939247
482159
182298
837634
608061
914818
139079
649412
295169
172575
477522
945512
486566
185562
192930
779357
391528
728531
171853
404572
650615
296782
444673
431086
148119
466617
598965
641750
513317
691921
867582
271578
294196
699992
663986
162067
496673
264253
354948
424782
240515
206173
961011
788914
518491
617863
156446
923811
502949
392332
625494
101887
311787
437399
608964
617732
572487
920632
526321
721237
340478
267015
979040
273080
744515
430355
372026
394679
566248
622919
814874
113873
815056
272833
755184
537956
857829
723911
340041
446093
626329
967792
904177
153498
724454
186599
135193
404815
202339
621825
955079
552624
226522
423310
714653
758961
468226
531556
300488
561144
999416
672786
989998
868742
570897
666337
706387
467362
721282
791812
440283
996776
762249
523864
923395
879886
455710
978759
993188
692123
322586
811943
163155
264411
362876
368640
954785
383661
148758
244481
877121
628595
246618
452763
949124
711449
853462
437739
715089
586466
169223
889610
985857
438650
888662
338451
192848
576614
187542
752646
172858
219487
826143
454481
278081
138824
845078
842472
547389
467442
958680
266726
132050
696227
315282
959544
130188
992133
744049
212489
514937
232614
256177
423953
755211
884882
837873
790288
762756
651833
213562
968822
331173
671447
664634
677438
636465
948913
483640
696144
461425
680361
937854
214671
640487
955977
467472
298495
216746
262020
996298
874876
415175
888447
453566
627329
976810
401378
718845
602177
551619
448286
406522
143651
602699
334735
681585
477020
406571
931165
331751
301373
610795
657896
119229
854147
669557
818199
996588
360374
439993
809610
151331
661088
787020
363629
339944
361360
758862
262734
232047
940882
678860
205823
881529
535387
751396
726559
709369
349735
251357
334332
355845
388849
413086
681922
145423
940252
532785
246136
927969
315027
651545
260093
527434
226082
493671
976945
804790
112256
880526
817268
165418
120433
354852
662923
584486
462070
834118
453333
409760
590710
299052
907696
791046
297259
398454
963655
687730
411696
275324
146366
762318
548795
886040
308440
286887
113989
365888
248244
857273
933157
890446
104169
665891
456369
243067
176968
979132
490581
648767
183130
278651
438838
368219
933145
493453
832570
383719
187560
743036
715867
522324
162819
607660
835245
818555
658779
165520
161451
614131
332816
843413
949136
762446
397152
837737
952685
332122
570345
694138
441363
378590
275441
228982
502023
979252
929527
696229
442462
292845
123284
418627
268064
969394
466979
181817
680461
489369
515945
824141
591464
152487
547679
970357
962516
425764
339650
974243
911611
967767
699098
221731
648343
725010
148161
190970
683142
456295
998178
772178
687418
396714
851823
365558
525833
893583
892293
201159
867246
470657
566591
882263
214916
514988
347725
534456
486928
831926
449053
829791
374945
783328
141785
111416
858899
678811
651821
367813
986741
146438
688416
414724
362085
335942
168692
472450
991531
499478
641794
850783
202686
575824
566257
512497
515178
528913
960235
691763
756819
400381
995065
573770
519713
648950
430085
596849
586990
823031
528263
898696
337851
891799
772162
144368
439841
815591
200019
678358
942481
994345
856239
711381
648577
673844
275784
661146
137410
454394
754817
387048
326086
451541
366296
974231
320959
641546
532445
382446
785872
535262
116334
299310
528378
818651
796538
751759
310185
460188
241051
802048
473245
176213
441124
498380
243111
150455
624945
281616
837368
975999
396227
280446
834026
341850
468228
190067
516944
277218
115235
583290
161364
278686
855995
128788
588521
747827
174093
480222
704810
910823
679828
698284
482062
144873
346254
121598
688462
392295
531385
631313
645358
576458
919869
434658
953431
215569
306180
423359
864863
908269
452139
581868
930481
100095
895142
567720
898039
604032
224425
974635
233841
492082
895671
565577
814615
880751
911412
744458
634314
635794
753464
245947
-------------------------------------------


Teste 5

683986
991194
758230
587062
206175
355417
949633
458084
942087
327019
476392
988246
363830
115583
156154
161046
244320
867416
367231
476344
850022
316185
181115
793497
896479
505141
992178
558773
252896
897539
951064
615718
713631
358340
249824
471140
123336
880731
956912
708030
797766
920171
280976
702981
603162
683956
250895
475285
315076
638770
690737
504582
330991
352183
318535
446799
669130
653680
216134
527730
494117
155928
853729
322615
829968
737536
963952
107230
774640
774263
608265
621469
691679
988334
781940
751271
503155
535429
597373
293926
323473
864958
121152
112166
128826
941070
466996
220346
889263
567882
359878
636652
566471
209141
329628
984853
568413
791413
783555
380033
663641
349833
674552
772235
554171
789945
169179
306340
249956
394181
879346
372719
760547
673831
631932
689258
816487
695656
835992
787352
302916
347548
749985
480321
692549
621155
939728
152675
543182
653678
413996
929620
565921
656916
131416
997890
483894
311543
141699
662616
177978
448553
924254
690935
983337
765622
588592
966485
795053
361296
904722
962039
726927
176384
492896
716237
303795
849525
824064
145086
500788
190892
989464
798696
970714
286588
990619
467012
641564
943372
482549
821530
319349
585837
461736
885491
383513
505668
918333
461670
160083
964638
710864
878542
868254
170513
609553
604513
853296
864488
536165
626664
244543
430365
911550
375436
270599
745627
592260
363161
500031
138963
739640
331646
663197
507321
226637
220012
845232
308126
678541
493537
571522
689281
384426
705317
486282
789258
326616
427369
231621
920245
955788
952268
622061
694262
724831
536986
283256
461589
378296
870037
412064
413248
104150
359320
858253
114178
510047
169476
441560
985683
694699
100628
336597
281510
719399
491275
237440
785836
594990
513083
834373
116870
390556
365890
473390
695224
555472
753574
151068
875653
514359
416521
548382
749165
372585
149455
188956
732263
877613
373789
243483
941767
700719
696986
884810
315266
342138
899114
573999
339175
128953
457971
172958
907846
471925
647564
921840
407367
269191
940032
517364
997139
721072
100834
400185
889329
438467
679816
787250
883996
156630
185441
428527
137093
563675
432073
563757
281862
747414
601539
702533
251194
134267
713560
770236
958543
208212
947281
662441
829554
501424
184770
126794
650453
975782
983271
129362
124971
228730
629594
322397
250382
754445
419576
900942
586653
351551
887393
297057
668158
818159
636816
504848
769128
176884
456635
960383
973670
327628
755328
643532
580316
726144
476161
528652
179240
778782
716117
594360
333550
987842
361936
310835
104148
501542
142582
431266
167992
632065
767182
499874
657332
480986
239545
454077
448466
641781
209957
252658
435894
618872
558638
940892
317079
835551
134921
658422
246522
803664
828243
516159
567290
755310
892035
147579
141724
102353
920390
531568
802221
786214
236941
555623
138913
336913
863938
494943
168078
483153
566313
192263
434655
391994
934084
840418
379229
542169
628058
734021
215934
461933
477159
673057
150545
547325
923043
700220
639718
463431
215968
150932
234487
100687
144037
901865
573071
184820
592732
418168
241142
220276
197761
950437
601634
531645
540087
716676
922027
759082
375882
858596
979172
124171
949961
710995
452070
477872
877683
617954
147287
854928
455175
475316
567630
595998
505292
430885
615173
841888
547498
120041
805222
863521
885120
784880
383850
530420
879178
249060
948414
724025
808487
155561
316771
938712
265517
887014
311539
440433
388638
184773
581446
799197
242363
374581
172068
146697
118324
551592
389646
615064
768669
990222
170069
837322
893616
714129
220254
532744
779599
710372
233633
195712
707541
850171
704314
769286
617340
623392
590672
134499
358074
768588
872072
381314
460268
506116
202483
970732
920257
653915
207770
982712
809138
483430
925864
245317
177773
583013
653296
370295
612116
995772
182664
301275
283321
774381
212621
512381
283397
955356
303153
664435
338097
107691
447088
540175
191193
939660
480266
990359
183380
479185
690596
154031
652844
735385
564534
945433
598759
975235
849467
236535
941733
714245
684659
495563
848070
534724
747665
973746
405421
797939
482374
880796
425063
605322
374456
654731
419348
550881
213711
918676
523885
367127
822397
240075
468217
189460
376817
231021
838032
788762
432328
307370
673142
195310
378751
116375
125226
283833
492774
712919
190827
370128
626388
549083
124934
145089
206026
820462
656489
851484
340645
447222
744092
389297
742638
524391
367724
630621
329996
400143
205448
244587
231929
631456
119338
758433
177851
336187
790114
368963
488719
668092
627784
353897
594025
193317
683510
414780
365594
995035
776152
893261
953923
862456
297679
386080
500885
192628
974449
959099
177798
379734
183832
799363
450454
163425
412371
972389
948661
138284
140466
609429
838914
830810
443072
478856
349315
468347
660012
466655
244959
893444
290279
945162
770278
354586
207862
183488
413179
388563
829723
463572
680032
883437
666491
445895
902778
727111
881052
290671
457480
771488
581168
978682
901119
174239
139696
324718
206528
428126
503636
880669
203959
271550
644320
470465
713379
202664
501898
633518
888841
682930
732415
185253
189338
716413
441012
988479
830699
757122
375776
883258
308571
354661
446469
988641
880630
821565
433445
491320
658565
166911
813080
185169
699125
112953
140224
947677
655669
280497
708335
291966
871578
165033
281282
264727
786640
870466
262767
485521
699121
139681
738752
510799
349119
380490
894776
569858
481463
347448
656747
178455
242977
488028
404292
107819
876372
518474
632078
708465
347876
994527
851773
739564
455459
516610
292916
463975
270498
705517
468558
109955
591347
446180
803610
456253
573166
796087
733313
193941
996718
268667
718390
515373
642318
649583
172474
605138
139976
780716
912666
523441
291585
640351
591325
656625
667854
325236
422027
206485
372056
884538
890639
612659
860246
845921
721489
628589
452973
371044
260637
582881
674715
620144
812041
240480
798614
684579
581332
975159
834726
946795
914561
219790
560797
541293
187761
392843
515151
829459
875687
137887
446442
775436
340759
248472
127289
406511
718710
365517
621534
416768
838472
826594
872385
999659
860896
839761
756728
815778
180468
366611
335355
110345
366832
691937
114630
523455
757410
736642
601329
810560
765183
840392
685498
469072
333180
559980
536675
265511
589681
796254
872430
523234
980442
400721
560765
752550
772160
618733
334233
931521
839330
970812
965963
377159
142572
428727
346096
632920
109270
574835
720088
724516
980655
245756
143349
441163
385559
389379
455534
328892
768945
226010
330968
993548
100117
464435
818749
232973
544320
850311
329766
199261
566860
986537
852091
293241
532089
618976
414577
472723
514583
266883
695835
298239
808458
211176
442260
451361
412018
121062
254970
455090
687422
153896
490251
706047
803075
453938
863620
270492
182494
134627
572692
270919
978210
718690
614789
237955
463448
698362
273333
674023
136870
558985
645568
136522
931277
340694
510421
498638
181110
433458
755670
991023
244073
884197
241768
555316
625650
365718
468719
445977
112554
-------------------------------------------


Teste 6

518932
301949
738798
484147
381287
279668
531281
136188
986786
914890
929610
335667
190512
960173
604490
244864
178425
746611
267192
303113
739562
419157
213365
273375
775192
417650
191969
600229
228211
858530
651661
812815
597973
707884
320978
173286
827850
611374
126510
445115
674780
595597
251853
888013
567825
443937
996796
321753
671198
914386
260454
655970
393096
613663
806187
555011
848151
852732
116840
323249
224757
623780
705233
744241
983888
233329
112558
680349
783049
588921
136288
389699
207631
932075
793939
172860
160045
387733
136322
261131
700412
208642
700868
911056
525773
553844
256367
649631
162868
822447
592093
320333
947470
298858
170111
500549
494192
776448
570450
379482
392724
244289
926410
627596
423454
835071
187085
799817
791759
213829
934974
712865
437233
332268
179644
329174
545919
473418
324166
676034
208552
689613
171314
429553
943066
429682
501081
460425
837032
348834
146665
125193
470441
254835
709228
162485
649843
801495
780065
617668
226950
905423
533022
761550
131065
168737
529690
173524
831019
335217
785993
567885
122462
576159
602890
258295
731454
549448
487487
659073
608095
821876
600620
941413
268223
883777
851640
112348
634695
524992
831741
269865
968227
672712
956845
118661
599883
702343
970566
613571
344165
304484
247372
629956
367078
923893
395254
670561
693932
488292
856591
210676
233225
585926
644267
912058
391436
401532
493772
727057
918057
478326
259294
355897
462149
250786
694587
633445
230775
653781
386864
225928
843381
594359
227156
174161
305254
929638
169466
880251
760656
648392
994189
938098
148930
297366
461090
611867
552733
557686
176784
240743
405091
107393
650484
314857
933430
310571
331590
955898
330199
484338
939654
487096
623694
609683
812387
220210
278622
897992
142593
226274
618178
527426
776733
929114
406443
846942
916547
455054
826566
926710
506964
797724
799442
367613
947046
968970
701068
669640
927760
835038
794753
243053
431854
516897
111549
820030
506733
418429
530651
115718
912883
175788
311033
576179
901018
691114
594483
984522
719945
507088
107176
506162
583113
167444
374996
416520
410014
614969
696214
663234
755459
270635
739613
683439
885582
488651
638777
742485
285097
165867
827154
477488
322545
255020
396530
112033
180327
179447
373741
380518
389023
773555
132627
736914
792298
906427
775366
191562
625115
354071
623475
592956
356014
878041
666445
460059
960726
142167
774555
561489
997249
746593
690584
603992
841513
405134
279062
263666
966631
195186
926281
870725
363536
244969
210836
310365
343633
759653
567950
193137
261256
250374
771764
901187
618487
563542
399465
802169
410942
465611
368789
658392
812251
704168
776031
397251
518329
842926
189670
498343
934322
886490
587953
373737
426567
591748
397680
839776
806671
553340
659224
753950
433176
448566
881475
721674
999542
505978
532693
391572
817373
982893
695091
584124
904950
481088
516842
643934
923651
612619
947921
904845
649473
558383
867937
611626
626347
412087
665328
484629
462754
757160
381559
647940
989416
702578
623963
882430
606266
994261
511510
114769
930465
935337
106424
956815
556428
373790
685883
835430
647459
866723
700053
104848
481721
937842
310563
683030
333026
974999
654025
626429
909259
775021
778055
890526
738940
191952
689898
445773
384555
490110
891322
613861
608385
143521
320389
380470
304333
364514
698520
872778
156061
291789
227638
890354
533743
438679
991916
688087
296912
598911
976342
531587
886385
596881
662911
910026
991488
528259
988319
797984
225362
381459
201359
419347
437147
472277
737713
144096
820247
290777
854886
949658
413433
975283
592243
550570
257281
232597
824856
567366
213938
893847
130160
134760
428388
341279
278819
455758
591363
347475
262627
234472
587185
177278
862520
968269
804835
835720
579462
598651
769766
636465
340678
787849
668044
830351
526040
174637
448472
341376
681744
156935
634510
474348
862616
167613
870838
881044
201665
311663
549135
424763
783878
721594
225435
929891
323085
645027
169257
449459
194010
462644
848153
159883
760910
532252
288928
594311
396856
364328
363870
458066
195338
119288
246664
240910
747923
544389
952083
409899
135469
225441
198639
155973
973652
806339
541035
727351
467094
824072
264911
435396
818899
216684
386925
943742
857815
996594
998461
402793
347762
557817
707136
455673
683157
411385
492478
730137
234384
883120
264292
374274
567072
167338
997529
635155
355019
197356
424578
277370
504971
998287
858871
873093
980615
737410
820611
757426
115177
526729
185130
232376
653480
581794
548458
159964
219378
646688
326925
879422
989359
481870
246566
580943
220854
914223
743476
712082
910839
192480
991516
450492
844352
354038
597166
558589
314386
792418
825441
130265
712743
506525
354589
103997
290479
830369
921678
504655
517092
141965
298122
535394
915612
363195
451819
170665
918457
570599
905523
280437
756647
201156
875162
142668
936297
132824
836665
682166
723893
436475
979439
324951
559669
103754
469845
934551
123274
350357
679840
896499
864766
218129
474899
376425
325345
413936
987362
790893
442550
454694
837615
193126
266543
730369
216197
422286
327441
919685
990260
794113
478298
121776
687936
515649
380372
701664
356894
534661
794989
549081
963577
392747
562746
765563
177445
733045
817264
130314
210797
744813
586878
689229
544145
428675
501832
650220
681046
402652
374246
226136
961734
702083
865127
386214
146499
225336
388363
679424
165037
683370
562961
122633
742983
841249
337561
609030
492647
774197
141510
105533
743734
186162
231560
716554
455243
797843
342346
572849
280467
113816
595052
869717
964010
158993
736410
541522
611922
379256
163225
860251
307783
865246
413812
878995
662742
645831
959926
767022
429460
196337
373387
424785
284230
763755
516572
352852
464147
687239
665615
306933
520710
876331
209931
767380
272942
114394
783245
567730
868662
921357
661190
768214
161621
837771
504347
823484
221261
939284
888019
981816
340153
325851
364166
114642
670952
756887
439146
864962
475111
138658
913769
534548
766866
425093
908072
873373
628872
710318
472918
298217
396932
364263
837779
506723
154665
356190
618755
908047
860771
727786
564171
832248
751530
967313
467389
397687
640192
930135
752045
873440
240182
518886
851372
439210
117599
404888
222127
954332
217673
855313
595168
690185
740253
944489
797648
899496
107762
646573
257479
508235
884155
507792
606585
652923
765974
633088
968635
647712
119668
415946
789896
963668
653114
876548
879391
221010
898412
418713
212048
848016
380523
204721
883988
621749
624581
780211
623179
507897
969971
436220
828843
127436
997251
877975
968986
679096
560146
855824
173939
508249
708945
563895
380239
489296
438119
181274
870289
539918
767096
710817
897047
316643
936712
588228
261126
658680
123199
263080
588418
126622
257284
186857
153268
748471
235860
746969
838279
905615
799598
284245
711070
193086
158653
503147
615724
286671
900335
200866
406631
164160
410358
761621
313682
244827
745651
652630
478719
890431
586087
603781
346146
493341
390516
225424
664713
827880
109097
579343
517522
119792
306843
943928
798720
133091
832342
414454
-------------------------------------------


Teste 7

918337
788251
686828
251582
685376
957759
647355
716596
341762
160675
782353
127194
357590
664553
441152
160147
719266
932734
140355
909741
607198
689016
609270
164935
475688
379773
913796
518528
756986
515192
581814
455710
103319
824091
774394
182182
247284
185552
575168
958916
686845
269942
900153
322299
306917
757698
574254
444891
436652
984446
293250
187887
884811
616724
652614
863798
626698
348794
635745
302633
301531
463335
169143
666217
290168
771720
577339
737975
213939
259856
354036
536956
972058
630158
933142
820473
478617
197986
179984
719362
227711
798327
546966
834974
725448
162339
280557
742175
430553
877586
592038
827970
344010
563845
464267
296193
625015
811738
306260
248362
373764
916899
130882
304445
921537
384064
996050
243055
307990
244781
791318
460579
984098
969576
432381
192824
610718
768220
397484
940414
763047
641442
518359
298285
259938
865982
906121
712468
697492
637056
993549
792596
367163
155941
204128
219298
587659
145227
885446
839929
932941
601826
302759
228159
142948
172360
670756
468823
207735
439185
552490
269666
904028
780293
167711
826658
424771
922052
202062
708248
420468
890988
260585
485257
660478
242573
245444
762511
819742
918758
705986
820085
712813
916181
102370
862620
302429
102213
305498
668035
531468
761975
646575
765369
157189
312935
253176
570489
305795
892552
393811
136943
442814
606454
676577
638161
604340
275864
766286
335352
986280
252041
560827
705027
322461
911462
119858
854413
993938
402141
344590
893967
222399
120252
534790
616537
969077
361219
584498
143217
540119
587964
900141
799741
128881
897888
548429
441066
197311
835441
202584
691255
751569
698356
489120
133783
243428
126371
850384
543958
813653
820589
983155
752770
206523
524035
517573
153016
544964
936987
972863
256074
979178
382486
809510
339699
374744
153514
172869
211530
633757
534053
961028
767958
529248
751814
807172
798571
277276
978226
554348
909743
682995
515921
460453
709694
225668
826242
813488
486096
576511
886637
562393
797060
340755
704027
458094
780180
692488
812668
649734
419773
141413
553635
478868
113680
793258
284862
489720
539037
510380
590878
188342
913750
725129
520089
239432
923122
253933
955669
783881
137911
723643
328394
629576
664025
550017
792758
560023
405385
322899
984570
549617
554816
416852
607621
771162
188061
636443
156824
106246
133727
176983
998042
150196
716424
969685
942921
573358
624732
233386
194820
396722
159659
671069
822789
278034
235845
140230
448495
797765
925973
946019
255647
504421
120177
902374
861524
849249
781318
963517
887831
607644
818180
850475
934973
161615
407494
587011
928386
721291
380937
617145
983384
238416
159451
371786
139389
928359
352851
346687
995034
457844
399746
354325
621233
593662
387058
580375
462699
552512
482364
774365
143320
218219
136423
204061
610130
406135
749258
301091
554178
441558
550335
399958
990167
864991
927026
561217
729732
833842
121169
623443
479261
775078
344881
535428
412046
753313
912169
686762
626542
553748
896985
406770
660489
561361
396192
153787
519374
880676
925989
520969
776653
816468
306021
643460
173580
417174
345480
501149
723878
716312
436353
930560
621864
606354
485873
987824
317499
232799
949947
416880
148149
582418
914850
244713
575466
612247
995832
603323
479933
232131
825299
321787
407227
284771
634611
675452
594965
977580
880899
915522
679458
719337
884885
674143
295782
661847
318891
889215
692622
142689
817271
312060
679277
648240
415817
690612
173295
524478
642034
826726
507792
779598
440617
923731
363036
627558
635748
625875
937093
950688
130274
779789
343241
537780
867364
399331
438667
203077
502357
913229
179922
686010
742017
329159
500386
443284
654220
456743
777413
915692
706652
889897
783733
640991
535040
720074
544449
429697
511281
754076
290230
744548
420660
101614
992547
127139
873964
816036
628392
692214
988845
955329
462599
661253
312099
559340
677764
412158
514447
349224
811219
366448
259097
390668
542596
747333
832818
185721
613619
845643
207448
371211
832743
586346
410739
352255
293470
734986
815332
293045
190372
943625
860251
524640
669386
207181
268916
394682
726333
909358
470185
562026
115319
573374
846852
519890
676733
784173
710673
679859
453487
894284
424998
982551
188056
743279
830668
331767
875112
452341
377426
139536
349564
733150
898813
752984
997649
186469
412569
660474
281294
923558
528336
687940
929035
873760
172742
725593
812948
120068
985127
396863
337694
128320
143377
556913
422680
723714
238241
407714
191340
382123
197749
523192
814990
670730
911248
557515
270716
427648
805848
699243
480997
704655
117211
653815
774945
335499
501090
543470
818136
995076
829373
845556
590171
114355
914684
118388
322626
175541
832087
701165
616595
257647
766086
671752
963882
263132
960443
479160
927068
264833
579510
679023
460371
883345
241818
147138
916249
478887
856597
243427
453196
228851
828990
158568
534968
134170
164731
683998
963856
191380
463759
778296
354922
350594
353444
340980
619083
619116
323678
925726
142483
455323
154937
241882
644472
458413
438656
461460
734668
722465
100439
864722
641739
232336
799549
512328
166161
395767
860061
832875
646175
641816
626815
391723
587280
484533
530148
972663
732413
234764
554326
211895
453861
944747
601759
284815
909734
971854
810560
813622
921914
784665
304381
994785
606217
451833
833918
331099
851838
640950
735941
387728
872998
804348
612391
416812
692991
378137
207678
979962
544879
698297
194592
515279
856987
164079
278758
877128
371182
818854
793280
307121
461036
465417
510565
494455
545497
683853
121082
135937
126110
156466
886757
539456
841472
716986
911054
313262
817183
277391
644579
292550
674492
745642
970663
498656
775057
444696
390628
167199
860466
305048
354114
423070
906713
479064
485467
552866
178667
209782
580126
996395
772791
970350
540289
439740
629134
921966
525311
807510
205891
846923
745636
870718
558923
293692
576644
118963
112663
938661
660547
724672
305064
667879
304149
195499
942792
754675
512986
707596
285171
146561
736492
644373
276980
510243
470144
749191
316972
371165
858343
920927
101423
774411
710178
495774
949225
707249
648234
908674
206231
877754
916272
237177
508739
651078
775059
310257
100115
518156
343262
470027
350986
346920
983453
920674
782143
299858
294362
642844
248324
214235
426657
696116
890841
237038
181296
408631
931135
625914
349010
628241
163849
395534
916747
543530
374463
910086
536860
612183
349385
654015
108520
843044
395275
222822
417041
761414
380066
825167
249037
898293
879635
683265
568495
501554
255285
544798
559829
268139
979040
577256
552314
249187
985028
507122
289878
715827
794420
448182
194136
344427
510055
166518
885412
133265
499576
279480
299824
924486
379183
402097
114516
405693
996765
534256
657986
110248
638598
640755
249615
750295
626024
470882
968950
456585
680187
231770
248415
231624
711516
475259
204350
316390
836190
683810
259262
292822
585623
128440
219054
882472
661126
846059
783289
302393
952464
550954
330370
399864
184956
951712
350468
622178
719285
493046
232213
141528
682980
733955
644794
658922
456666
197688
461069
-------------------------------------------


Teste 8

315141
269679
124768
227256
885482
566046
874184
646827
181532
360931
689970
928233
879582
931546
632062
490491
193329
928834
737368
903129
169812
983546
110419
622835
675298
565048
368741
192674
566061
538389
465832
939652
994210
736433
636833
681472
878881
250667
573549
602481
671259
318394
259638
927870
950291
308662
205638
694190
722840
705059
871476
216411
872079
814365
895010
577153
194621
700470
831982
413236
533174
374039
951344
747825
208571
186954
562017
502333
110616
328133
761943
190759
939995
277529
383973
131887
786340
405493
172097
237536
299014
402769
882274
161923
688582
233320
441147
617464
112180
810643
629486
863897
228414
798251
994315
368055
382181
935982
903193
854190
708681
869887
782742
634458
334425
447467
375725
766713
868525
100046
120463
742877
896011
888690
690136
788967
251795
724373
291466
388549
308282
850156
398582
393169
509771
621573
440785
476311
602127
118186
878892
728297
175557
700833
136687
814269
321514
251984
914947
902198
101622
787863
201414
485437
649385
597799
430945
365375
735765
611658
439934
427011
567360
316824
967636
469572
676960
506959
960892
399311
819126
776498
208023
241277
988593
456814
244144
645979
683459
289062
538499
985666
520637
645029
637031
734236
494776
578552
228998
453829
992451
272868
117784
618712
639036
618572
811198
489158
640495
100032
745664
587246
226131
697270
352985
149060
818189
752665
166783
399246
322815
696981
336194
513333
893784
836831
221144
339282
724055
446849
514148
372526
659265
258125
321465
436078
396287
984084
651638
241542
367046
565981
711262
729858
414055
801319
227447
999993
707545
908137
349960
194517
538632
702625
745335
241281
440945
271738
448338
672468
153579
635897
636991
317731
350873
268397
400825
360450
843579
995979
885236
168919
337665
279133
643052
772666
882378
863125
954688
822428
435145
235125
524541
806485
907831
454425
981499
512666
308337
629825
313854
162722
956036
809765
860513
914792
158431
116689
709247
835934
847997
834199
502985
795054
339559
294998
433483
595721
101086
929426
907297
792348
518369
369861
133874
265176
688484
447298
864011
936956
352140
700736
860179
326632
497348
645463
653789
386537
629324
975526
132130
267231
211922
845875
563226
671250
447125
786653
967876
803636
423311
818326
284684
472958
818133
425152
416469
667795
453570
221439
213438
802380
969394
399145
188541
514938
541256
234389
978653
243239
280037
882151
847317
174317
781373
872262
100432
438618
316012
252124
231011
403266
739528
669916
544373
938316
486912
196758
284610
336963
189285
273726
436852
172272
117365
645768
377655
851283
233779
510852
856124
952999
376651
174253
684371
966530
227460
960952
849895
525716
572654
126628
116141
247477
451781
538720
615013
587949
646130
708233
246310
473853
201153
117876
136127
281224
864642
214334
265540
803988
278789
947854
947691
878867
247360
329920
687740
706178
615360
417953
857099
969727
999818
941322
615119
716134
330287
627198
784063
884936
457690
233256
309791
510114
702023
100538
794082
832833
994170
660131
241650
861164
360722
874766
203941
908479
968727
245371
538481
512356
736795
333654
658871
617219
253743
108225
150342
578899
790047
172533
305942
230574
863761
873016
125012
474110
333572
998596
375155
577796
974512
155197
647346
905475
735124
321251
277272
216850
350465
969692
656476
266514
398516
864718
524491
817428
524934
664514
992695
439877
851077
251370
398481
692491
114834
509971
126982
954951
730527
778247
489822
474042
399681
324944
652482
660569
908466
347739
121791
906596
205993
755637
514159
413487
430397
789927
382855
916196
679471
785136
964064
693182
873410
218471
382056
822319
418218
327095
716233
722614
638623
866573
475436
819086
808625
129067
173246
123262
905729
651459
553083
232189
843211
172013
528523
878027
562089
493432
409795
357025
573373
121542
533017
857349
374677
554791
835370
185965
930554
271293
508568
112453
491971
486615
934470
472781
612066
218670
379474
478556
835050
784489
111164
171247
544928
391293
742910
334143
202997
613135
796466
390191
584041
771865
159911
691275
844174
902984
354532
119957
588475
510516
298370
545241
624666
464644
518393
272955
899719
711456
753863
665233
891082
303458
999859
996879
525815
327548
890260
911929
868686
780334
808722
141817
680341
708174
844973
885643
957296
354164
935294
978346
736491
206651
758979
722228
167723
988980
112136
523541
383892
378590
290034
755444
846529
438299
518535
586519
114662
288158
123057
430077
157346
438884
934120
355233
796226
481813
466377
791555
412380
979360
120351
379376
615347
958343
662483
615698
225968
281410
827137
316187
740226
119656
724778
700976
108596
192323
726021
685321
473287
769073
154128
922362
130197
787886
234887
424817
591815
589428
546349
912357
759662
142696
477558
804158
841453
310346
451096
775321
851634
310069
720670
737580
628140
318479
970168
550378
751225
889276
628310
287476
601524
902557
465175
249957
735865
727022
732924
840371
175934
889237
651671
755097
322859
888767
767165
373233
138216
138427
235225
751881
390895
188395
638781
507268
353071
192385
736817
282399
241466
463987
428589
144853
281948
813212
410381
324270
206819
980474
985032
225465
189297
549059
567297
887319
421218
948811
405610
859582
350918
292138
125033
304967
662041
468498
287652
624238
368177
763247
214362
820252
786081
997732
330019
531161
525866
796750
390745
458976
422221
433030
620542
211889
994121
616472
707089
503114
417617
548460
284321
592585
807792
186247
162980
398722
401340
613538
237535
661953
693958
678246
489720
255521
899637
878486
794386
967242
839824
533234
501960
599493
951756
320390
853382
595080
271436
713861
236650
666224
703284
851582
166769
924612
900591
511494
599268
706352
486837
957162
615691
572999
362549
859538
943256
197495
772974
170382
239663
447982
871549
106595
742197
442533
469760
539432
404085
982931
295357
465643
366586
748398
936240
452138
557652
419722
276615
320025
913541
458453
154814
301893
106423
286660
126820
167822
543631
984079
479954
146743
389755
441486
226410
679433
609624
514363
497090
644469
138689
471310
453341
703849
495545
620469
618641
939090
980922
273589
681421
702367
452711
829718
735367
427533
933180
365293
317570
933883
137677
272540
887363
586627
890241
794574
481761
911694
624878
170840
861547
187331
624898
820831
588929
895239
139984
258639
894996
386074
903659
975663
730955
386616
696176
308133
860871
134495
643042
963454
656115
821553
138252
997370
896193
761230
112014
367295
666367
166951
579636
600018
837317
345666
533314
591432
632382
618265
759579
692756
806323
897094
386051
926710
820085
225361
831575
375878
680760
964053
158263
898483
463783
251850
256565
242813
912246
785191
637972
639878
392570
111269
869677
472685
950181
702181
785733
629860
797153
980836
716374
283036
260472
731161
520842
245310
749446
394010
993619
483966
852921
108014
674389
441913
494453
348429
579695
982422
728740
829810
297264
141271
901297
639473
965594
686582
736186
876573
378462
471566
306559
274572
141042
369642
509183
674671
340920
136418
306779
790087
404039
333414
-------------------------------------------


Teste 9

269394
497975
864197
929575
180192
780531
940888
354063
187642
712594
704876
482348
633811
830315
277961
401938
247086
449262
285759
186228
521794
118420
616921
119162
152631
755898
379222
944979
702193
860790
795387
716530
595423
113088
524539
700440
393057
178759
282578
850012
402079
489588
115398
698449
224569
440917
387066
619517
698145
109932
437035
464520
781285
686022
742838
234071
437187
455480
710883
129574
830986
611752
289339
560595
197097
701726
109464
664858
177924
755380
350361
151183
601332
499174
561259
614626
893117
829729
990170
498927
280529
738921
413550
500632
392436
414591
414553
364344
497459
430023
724342
173176
812076
505381
854774
168690
657580
843429
550966
953991
267338
545354
330877
212012
939255
673277
383755
498447
900552
607919
698083
131325
947857
817979
981916
957189
254797
784274
678066
296267
393810
965325
525795
774950
480660
731743
601599
211058
917035
715488
112875
408584
497825
676549
710820
133894
454241
672544
933012
613261
386818
425818
266533
379268
181053
271039
774570
789242
950480
468870
817412
311710
618964
509568
934532
564585
169346
259474
406775
839234
181121
769763
558465
387794
969350
358964
170272
509769
250128
764582
300626
855340
362666
603659
688070
832483
410872
210066
767491
109216
749638
842176
830420
666192
272114
958939
345058
433058
115838
555458
395928
382651
594965
629234
631790
481210
390421
512213
207960
275494
724883
673178
292694
144999
106682
136553
162185
935661
537742
532488
914530
576248
123475
730464
589290
421750
199789
234984
197869
547341
394825
675940
703525
594159
633820
531760
347024
757660
130789
275233
987541
217793
130072
648354
921998
307265
678211
574848
512188
502738
650449
526982
642742
585951
563913
630917
211910
936621
871532
469114
979779
190042
437959
818487
965552
861362
631462
567828
491849
507017
313671
694240
858665
256820
910729
191738
589545
980776
511157
109363
914761
629731
792326
239412
373122
286089
833312
833892
415841
270664
182680
924016
831859
412538
627880
818779
953312
605329
312784
376557
900717
594162
942133
155544
101751
264843
122247
371991
128911
303922
368481
953239
348348
290580
760140
769356
521050
364979
569930
898444
672584
987494
810110
798281
122224
753035
343656
857030
301012
107315
330223
229599
207084
956210
510334
867333
827788
100433
131641
244881
680261
305435
395788
852539
813173
153457
360390
579564
591834
517348
785945
121724
554830
771336
149625
533178
423060
906049
728493
989177
622217
121544
184464
348315
435779
631787
779871
719960
726447
850716
491076
366863
714223
957914
139063
604074
411767
628680
908639
104126
619391
915826
901626
876779
879352
663037
470960
832868
195210
847387
216395
194372
587849
550458
215636
449113
604525
405783
258138
399886
813492
332477
288696
983016
726971
884169
542823
794543
581764
589052
480844
468146
547126
455865
696376
446579
417024
700681
577292
603544
590175
988883
283686
614641
851397
966034
485554
344412
194549
246017
793580
280680
654656
726532
188358
870569
750014
441722
525334
732670
989623
759811
575558
640267
753151
970377
542699
289437
521539
344887
616112
148322
332475
648595
551258
220787
353217
250799
474576
101166
150146
941514
469443
300214
174198
523737
664763
969374
387844
604024
506392
560691
777090
280473
923457
529949
395361
878498
578796
438552
414451
660158
968258
977010
565877
460433
269738
335648
977354
570064
653045
983482
555292
199788
577462
809540
280410
677451
210815
722674
696029
757599
219568
960881
483892
473147
955719
102751
410087
577623
293345
120064
804159
172454
723060
911724
926448
210331
789780
863614
437716
348050
483077
688273
701848
341313
379829
390463
623232
824852
768264
711780
839740
832871
543525
623895
628580
573493
186814
898531
835822
554496
355081
872120
409685
229532
968170
778529
829149
419178
761722
100031
740029
663158
619138
605288
329543
967098
397446
547241
764754
456780
606155
916628
382249
948069
404217
119030
813291
151783
839743
295264
555129
441653
238827
223328
370453
339647
473863
537190
772453
602445
278792
921987
460173
692764
995411
520855
278631
927367
398173
715349
481912
311279
431329
581190
491189
737386
569699
263952
822133
215379
334276
545766
502284
128853
176029
745444
560833
636099
431447
684616
912051
507743
768875
930135
694613
636723
624716
913192
405125
445162
855291
223382
225555
655499
953975
540744
766358
412248
535752
527116
122943
611292
654590
706178
260293
867549
442191
296986
518066
874011
840060
514492
101569
131253
131413
489079
702497
457086
172287
723958
967398
588717
512355
542354
976684
921399
348232
295358
535384
323751
445574
418491
122444
290071
363983
679779
511234
469827
148654
220064
651586
359746
153174
590836
830553
430294
879129
484169
830766
882720
745276
515721
122245
229442
960455
159260
131523
898021
276577
344069
677534
190833
324118
598111
137498
597398
237933
847160
931967
321096
657715
978411
838776
289155
309198
833781
489398
923360
618027
228631
944827
666111
955437
718242
904050
836980
266568
905325
918283
175144
427821
139688
680297
560865
853982
295199
792452
832735
273694
701437
458428
927955
958398
885473
955937
112620
544283
148852
590366
551275
148387
791054
830341
111548
234440
177032
981997
830695
836180
536562
221786
125265
621139
783415
739149
283897
380296
728298
549782
767348
868736
314747
152358
214233
959468
354381
472748
593972
966336
671832
667369
429985
175249
677218
395279
156387
850632
231859
636548
178316
783053
400086
281558
162420
579290
350324
454953
531949
866240
657360
787684
122879
725433
492212
859147
947080
543977
569550
862363
721759
895117
291686
982224
571561
776152
801865
474934
775931
448990
649866
808432
191874
583975
559283
797484
407028
797589
227517
664231
930487
299747
967444
636310
396744
189838
839711
187128
984453
842276
296871
356618
486611
609163
530811
343360
327211
302764
776992
845531
635160
942195
275715
163983
820985
888997
531430
447663
569768
521010
458650
555814
838783
431118
513334
910685
262325
358830
953574
907972
893534
130627
262254
199670
800194
355710
955491
970315
626182
145136
593276
813976
484346
430831
177753
882792
973821
919355
360126
675295
985958
837635
217973
352628
515770
200248
744960
821387
394312
573798
720931
387640
642715
604089
176844
336163
263241
687428
159564
421285
100647
363316
126546
591271
803025
105869
585117
819719
118724
734338
210386
296951
194720
924650
693698
202494
183156
285724
247688
230914
465123
263393
242460
844017
561033
781274
492872
116630
416078
816165
974786
467680
683973
804835
659341
240491
797053
282756
599544
159447
393798
488946
624644
505424
539120
241396
636966
468238
680370
443622
878911
436670
827122
240446
142019
318340
313310
923219
374633
708621
964367
180138
860656
556469
489543
940371
159362
789340
947011
862159
923673
699115
655574
758259
265830
664211
943967
305286
943698
246246
532748
283679
311868
532980
175661
357685
753740
873981
144136
336148
935989
657170
139757
341676
729180
575616
252499
622637
114672
336419
378237
225154
886430
901841
916872
739996
849418
696612
924023
-------------------------------------------


Teste 10

144082
135413
719179
650766
428620
786680
925640
593071
428212
937913
913053
486844
975328
510321
855687
308538
228754
703914
887932
210716
596348
941163
964010
340434
467814
284511
867530
566496
640916
292225
965498
166265
531129
764974
223993
539471
559912
126876
144432
136461
216875
410160
292229
383628
421586
579427
320225
896696
836010
903451
751399
431326
118911
467427
989987
744456
131828
691470
376334
582125
321351
854263
424394
943147
215736
539879
595640
972771
955693
736049
473843
893498
486126
204834
128971
510428
977244
204783
243191
555448
969999
318631
572814
818683
910527
165719
651889
286354
727892
505322
238826
701146
204633
135985
668786
829272
514195
725468
423696
452284
498991
722834
556828
330284
361378
267789
393118
924466
609561
257377
493171
852541
675997
369966
451063
342318
116025
612875
404640
525568
114293
224952
953068
529150
754978
710536
671263
541966
531982
907610
602688
657475
731047
730267
258339
962859
275364
238163
968862
929871
129133
401864
859275
141590
124914
328150
560765
290366
292257
461054
896391
660666
485229
828364
702449
778490
297773
491154
456232
332145
754177
686174
645719
906047
810719
664865
815463
307685
937499
693376
942891
833069
700371
156771
423243
418213
446835
417045
653064
597896
818277
212529
610014
979272
343637
370078
989220
174117
196755
280635
272663
373568
707177
396749
498744
133613
750492
592136
647637
586623
178697
864976
166659
383198
857632
332027
104436
133883
753230
885096
882883
914476
801523
280449
359096
526228
609087
577987
337580
737575
749991
522926
623538
863242
895171
305733
398312
445559
765829
220777
148510
129988
874836
292780
594847
973625
659757
384248
487276
135893
690155
232947
987085
403788
901095
486484
517630
171233
604380
231571
471884
575216
405594
426586
469854
154370
369595
235818
990167
623059
324128
685025
278369
148315
177579
754952
690673
392272
456464
404892
509197
608551
310584
679467
929445
715918
508645
896892
441434
808360
271546
359497
308044
550520
663920
207446
112284
586956
624476
602913
523911
904761
639910
574254
804226
138117
797651
926880
820575
367349
552216
305944
957963
365113
701621
576955
915112
129495
352493
976022
611823
184056
698484
159347
715371
654827
806589
378286
923744
637151
256983
373465
182485
788324
319739
314691
498445
173445
545032
303560
982074
463237
146420
935615
215342
822819
957829
806369
954189
610378
132036
373663
923550
925859
512189
914367
527392
487335
607982
205239
652076
408559
439674
124075
635928
513332
824919
682950
182815
878074
697439
151270
379548
256869
217476
845822
777114
134223
770935
236790
884323
983465
620761
670248
393473
142062
540169
712099
208437
328848
742543
329820
633454
464359
751229
743539
604897
103487
615497
292857
834296
896886
187093
927224
345497
422833
112232
681745
288087
751944
257344
395156
524685
324429
984695
513046
258371
433565
867772
152234
745044
349947
382694
172054
401785
811970
754274
762378
155239
301015
119935
452528
304461
836074
655544
875347
872281
161797
560668
825845
512268
657491
709181
578066
678647
119516
153273
984593
171757
614451
212476
143694
542592
291271
134574
635055
509166
672044
145533
497346
469417
479925
382097
821271
582270
996045
264866
954094
138188
218710
462618
986943
348045
429554
577133
461868
779436
810045
409644
301058
494798
657613
636740
380397
409032
302441
989162
415328
849586
188322
792131
900217
400291
487187
677986
608444
866040
473996
535010
888642
722316
362553
950141
474663
582772
404482
341297
795522
229319
959034
446681
485227
386639
423081
359013
989329
387210
210635
389046
294430
890947
695827
611059
969738
529011
460015
794766
608867
404852
144853
241261
280382
932086
607355
599455
609197
836774
997340
282612
823482
585899
455412
311722
960156
468937
507846
803546
269034
540694
452335
597917
100176
443668
105442
319315
475535
965590
966662
792270
574429
518627
556815
342669
978234
461934
537825
453643
369342
451333
371343
666698
964642
140375
843915
582368
306444
721123
229371
837638
946570
872113
395877
650598
833576
222212
141835
134888
973836
319149
823291
105783
428911
391316
857146
981367
160471
483984
785382
539148
166088
684049
558468
966687
332246
742014
244468
673427
775877
783017
451178
564121
850476
733811
329132
138474
612633
330031
426269
302428
841717
620582
407984
608941
771597
811581
113373
175567
628262
942624
435635
126244
172341
473116
321710
843893
708117
614890
978437
562111
897930
151346
349915
335767
905911
192911
946375
711086
701211
261756
376295
491250
431192
922091
790415
195954
275779
714819
953430
991860
171272
942354
307834
319127
677723
532010
866629
669039
442530
409077
260967
233785
223577
483950
163032
451789
452064
888072
320315
424972
608294
360672
981066
918481
123448
858839
938379
847828
291768
960432
909088
542016
542839
821087
605967
179430
226675
132567
509740
111198
875015
549153
838862
644857
981223
921762
776659
164064
640114
543975
207662
241981
137224
621844
410668
808277
964727
152697
159312
576941
701599
297995
150890
557921
480197
259722
803669
296399
965194
614772
490615
157368
227158
514524
107691
440247
124825
999596
719013
504383
307519
561858
238468
749210
420150
222487
234921
804665
680648
983890
682281
796639
561117
416978
158260
958573
794553
441858
559428
673380
155374
414331
166294
621979
516248
695938
731960
178945
399658
379395
634910
484125
702484
743054
873935
650897
867776
649440
317449
207530
867575
281942
777657
149683
305427
304551
999476
453618
712462
144392
654481
840878
755749
170069
314985
560753
207078
953627
514857
368384
713166
318439
325750
563016
433831
192895
677619
471312
338824
157988
518538
977730
919056
819254
560596
389252
471224
558224
518999
515373
533220
417564
780047
109444
526345
910159
800196
904566
606487
531611
753319
121519
589723
914921
756972
979638
772065
475183
474181
169025
712467
285691
789825
473613
440130
701890
388598
777749
988688
964180
350427
845412
259225
483170
478758
223989
733414
952547
225691
468719
342081
624556
143422
624679
117792
458182
306834
590061
644957
118849
206144
656314
643929
305728
401482
342275
632560
864481
261953
493054
990998
803989
847455
241967
548772
914465
485742
598679
325590
256254
598151
721640
201768
423336
534349
950785
367119
639520
203952
108116
721251
607712
285827
797312
862695
609579
822546
404299
919639
125275
525987
232274
184665
126752
815455
138687
333752
582653
428929
382816
330664
667677
155361
944643
973077
930093
530494
829843
957473
932359
543372
217629
713240
305659
955140
114651
624012
614416
626974
309690
473329
571262
686123
468579
999045
654739
589046
985039
888436
367496
213624
474785
113064
304091
397776
479697
844721
765899
131197
338213
353929
343596
974323
226551
396076
633935
931384
363329
863748
547761
454979
244742
680732
529141
737816
161657
541150
878542
864996
289192
780188
135249
818375
491221
341070
579475
329055
997796
805867
251038
416227
129875
737152
372437
164241
404831
114638
162115
644782
390019
651555
199361
807596
460980
401396
141695
907375
297380
696121
431474
138339
-------------------------------------------


