231087
528216
408767
683500
963002
157038
810973
475413
526153
958366
589009
171907
833991
987463
161383
564094
920731
919249
402885
758762
643299
383531
207327
311890
697105
816288
934179
254531
889421
295666
710388
947849
341062
623173
254640
894113
116936
848810
687299
976841
232443
905312
204791
432819
314276
684778
636924
492361
408286
720978
126468
498477
967638
574029
423916
606520
454051
982364
335727
290927
105480
313660
524401
351845
608980
723454
668772
255801
262692
815932
218439
406758
104991
543231
860292
674360
102662
435832
228326
230981
766576
512353
243411
197562
533073
138062
943905
768448
509009
254692
134408
777057
351092
585521
125116
390481
971106
872886
910333
256385
663883
760931
258207
734076
244717
944618
133220
115194
433893
321717
364523
454941
579998
420806
574822
870335
973682
551121
522015
521728
841541
994585
872065
719745
632842
887930
908941
831565
802425
492597
431517
372496
405542
540904
489953
462479
191867
830541
227006
367100
601269
110705
553731
470758
437038
850045
929410
825191
212836
802338
511393
872591
763425
292494
641519
718996
161584
870398
769806
612067
706144
381037
269601
246235
329295
858568
860591
774465
701173
748541
989189
163851
614345
353591
239156
834899
580744
244409
447703
692404
989711
738144
414472
447656
176987
925325
543749
909478
668815
702120
859889
127208
407425
760803
658205
479837
560644
664972
722555
825311
755915
676004
902222
369430
582598
468200
121732
860297
247137
307745
143243
166710
736564
418283
663716
701060
784761
184166
207921
140310
183883
562895
329062
677324
222193
434117
616717
636559
434727
185283
397264
956316
575605
808458
423638
926499
833902
111810
274348
548951
283540
507370
507264
915006
218236
550784
420619
973085
128594
768682
951899
937288
829545
565396
386463
891254
868357
156585
559746
918728
972083
587179
586778
656859
738026
698008
840890
587222
653220
412860
128537
169986
313348
952781
328234
306562
788157
906512
537138
651968
259696
950293
974104
914182
979094
476546
915023
947424
845824
541034
310164
179264
227976
232628
402090
154860
178691
727404
778024
810261
699881
465730
146434
289218
948989
653026
912032
347961
713644
540555
671141
159646
837877
755811
690360
381847
495119
159434
161438
283353
891057
667093
585689
193327
513676
386475
316345
380532
346017
810545
584415
541448
992009
276214
356451
112060
561836
880955
421257
553567
565681
184963
282565
522211
453569
662640
664656
192674
187161
638638
938963
209673
701166
670422
897269
563878
475109
724446
767436
789990
997663
832056
362062
285263
126346
855826
743779
414767
608926
668736
989947
362143
711691
842609
589989
861374
673054
587599
441925
535668
312826
972086
552168
262004
399126
581195
573419
849870
835672
615187
784261
488037
203120
152755
196647
968291
373214
869279
174702
989158
813662
506037
452160
708571
180138
916555
583817
969325
823829
222009
625547
203752
578723
602556
583306
698629
205129
838399
248360
833100
896875
398745
532929
926097
403190
200894
660018
240594
234169
824892
587152
697402
928646
677356
542899
683990
509420
324523
591137
711423
518483
106763
732433
422704
147529
452562
165206
180054
734541
891755
772905
111325
191596
442707
690305
824350
446700
154455
990076
470854
598517
537362
358233
186055
452853
291518
457419
581691
606129
252091
702420
131414
766283
832483
522759
753990
321680
830987
850675
696171
218591
774083
274155
768125
438315
379932
350173
972102
815219
589040
965234
343460
761554
400818
544326
433762
804362
319728
172712
930923
487695
629244
854183
400707
343704
683018
750489
197277
445988
830829
885561
579359
412344
191390
319030
897785
956793
500497
451658
123776
250839
348947
717221
836104
440287
859653
162719
462613
416799
602780
827675
479736
317480
835530
313855
142652
841889
250389
750275
993274
610442
414426
442238
247679
312418
552267
794342
186121
617001
890572
773240
398339
813436
208388
125908
291903
885684
409312
387495
357812
730339
827662
760120
763185
814307
358192
968979
237706
740213
372653
418466
424892
583511
328240
302335
664720
223265
442245
357904
939620
744015
675571
227914
939830
285435
384394
265564
337350
462076
897273
116398
518818
860367
683493
439183
158846
506251
405381
669487
968650
696652
631063
375421
685560
620318
222526
866481
801420
619795
711619
615672
853652
147619
503412
171842
104988
619967
571527
551931
931806
651938
394088
333825
202202
703027
809503
836340
374070
881481
331583
371311
763310
269597
495907
821192
911823
891953
933788
538649
151049
829998
835199
351735
833058
549758
994709
528872
774617
585810
400275
350264
197831
916613
521497
550982
725356
173356
998584
186987
457707
284212
397425
993009
952525
229279
475178
992770
406855
586986
191039
255233
983929
322445
603257
686767
152555
247300
975438
245434
322385
181475
989398
304982
941563
293981
231326
326173
322970
832988
786002
588318
717628
568196
271308
863294
998195
245777
945794
258397
306352
674571
632758
198969
168212
714948
655988
822947
226889
238821
588364
209619
613137
143508
197307
952272
992576
674277
807405
613144
216205
313603
446581
176465
218447
168119
253908
442456
723970
183112
106134
875830
474456
490325
368955
174922
140342
817067
365816
642043
257190
513360
910046
583748
205200
429477
237784
803545
306916
134812
324722
131230
525266
517683
124048
848712
217946
836613
273215
624503
215112
172170
954999
906902
585687
107986
936026
557739
910220
137403
352709
853886
382674
285473
949300
444355
530793
712022
149872
556466
979018
150082
225831
956628
760825
868347
479945
247991
167355
178301
111753
383165
995559
810411
565066
910194
137537
383066
805095
584694
835046
322832
744829
447333
677609
423996
421316
575836
720837
897567
363310
116065
665424
720338
418995
239075
488212
445108
134267
162929
115979
379919
806358
787781
980326
464607
263498
227632
408751
258687
960527
260474
875221
758227
428572
868198
955025
989947
985208
183005
386033
680125
198990
229698
350879
726068
447435
637980
553767
925922
232738
736877
242451
168716
428482
319416
925950
326460
694313
774521
348415
508273
421587
745339
912488
286368
466164
211792
886688
975016
337873
198659
695297
190748
727226
141134
194472
200264
930116
790583
384374
303752
653613
799879
678907
413539
691772
996227
458961
657277
575291
605624
548009
415967
985867
364855
252119
934932
901548
162732
863242
893914
819953
518480
369987
400854
417884
151815
581645
688541
524817
913313
920884
967806
534801
643912
741472
219945
667650
710654
720735
190873
235960
288044
455071
479999
919379
965821
163501
347635
444691
242363
192058
143289
919703
241812
779711
974342
772555
959918
131520
963825
191025
848695
894035
539301
973283
512553
889857
919867
791058
904653
941135
690281
831227
323795
730161
629624
682192
445220
544296
944417
135699
297494
788451
450305
484903
469673
811081
398151
288627
696583
306012
246186
376210
274630
183394
395986
778525
771963
588370
206371
958681
896956
102395
584944
658121
925915
527727
251499
237509
315115
521565
874087
324983
124443
832632
343392
366886
210051
368286
