328450
236724
301409
335104
147407
651624
780085
503296
924513
437243
766449
852887
555768
207211
938309
207581
762963
343183
411394
500567
234985
332365
952495
486568
634104
684619
629099
911996
885228
376439
493385
416085
200125
729159
260458
162908
138553
115702
649910
378362
546033
314672
710020
221556
337872
422622
718775
378192
535533
568007
838338
335264
753648
218639
605206
788769
475367
821786
543250
970459
156669
177521
689638
291523
151286
866554
193310
157929
393811
251758
997584
674799
756590
395688
629032
420418
223476
873948
210073
777899
242802
252925
433544
950615
246842
615514
151541
897943
740561
277409
427629
487204
656352
372339
989783
971130
428770
950600
525723
104160
118247
546520
813613
992952
670868
387210
170775
529376
528908
181285
508846
632700
868759
133422
201244
440921
198099
580347
475554
727529
324551
127599
708713
657766
679720
152097
862148
464709
415264
667589
395573
706399
255788
857271
413223
959382
788544
545775
522592
679763
474487
424776
657124
240460
743213
604494
114819
409863
970492
950790
981541
250397
400282
801718
176196
302875
137291
713501
987465
797915
808785
882232
449148
404095
663236
716712
341127
311526
850180
443502
475435
157334
816078
208979
873069
213394
898701
485733
199013
985934
241793
204451
360620
892963
526639
505251
488934
805147
989663
953335
646490
417260
622611
599972
936439
769771
368197
158494
947998
813913
383552
396439
833409
944273
737742
135370
674697
780100
553892
958671
494134
587483
659768
712934
905547
698507
415709
715198
375054
380336
501279
608113
324919
382546
649847
303378
268748
210677
817284
665622
770968
623731
741252
693893
300987
434823
229332
888954
126641
354349
219851
394606
530387
561769
743276
649362
480929
943260
571292
408480
140888
260444
753269
789597
593212
385416
357381
287127
310715
148534
130786
821310
425502
139880
311217
495512
794426
529019
745763
440560
881116
374186
919931
988548
820437
938063
546056
711084
390594
888822
898190
343723
841344
591510
893030
755035
998454
822630
596042
812126
199690
865802
312385
166089
580635
528759
947572
207009
136952
438691
144980
252054
824044
377291
695964
665549
450912
608264
128480
283102
208775
991143
783428
100950
322115
689621
515398
706538
937303
946130
245056
199384
934710
507370
110908
600052
659591
928584
566433
548334
590569
364431
833434
719031
148931
672741
257697
770161
667817
246878
726957
581760
866587
254460
625783
316367
198384
412188
341262
483320
838097
963417
176549
152315
218343
266861
891241
835456
213454
874612
119285
980864
279962
836384
587156
678343
644838
755594
559564
796361
436168
681681
828731
224617
613363
415673
901497
600704
396952
361739
971738
225319
730944
165285
706283
156920
153879
370347
623851
254246
789588
138259
913578
554043
589377
869905
928633
832923
822334
616223
886964
511215
971492
381082
563683
472140
784505
918865
637348
582954
997119
361718
971926
344794
909458
694008
318811
573459
151268
496785
268293
621102
294831
988414
353696
631753
220632
783657
606661
576322
676642
264086
220093
401417
931472
139944
772184
185861
623381
751006
422032
879327
119767
248787
268330
771515
304964
983363
836541
512587
423715
961167
441840
690634
337468
977004
806932
931001
316412
735623
377220
175249
914816
309913
881938
853743
421374
789452
718702
925886
776173
156235
928047
449721
436440
612090
630711
477887
615229
289484
118983
213437
477932
404100
169754
706845
597754
607354
123391
208351
554132
633407
719998
268160
700135
446143
290319
472842
859008
832709
372517
556830
623235
700849
289804
663012
502071
202049
763864
712819
209688
154240
401834
674539
598003
839242
359358
911579
433914
728580
788393
578513
602391
215963
563607
937332
774891
997467
206703
959424
326517
368300
395932
752922
199715
856048
285599
944923
105900
788684
331227
772805
281530
260568
435290
628374
731671
897182
761732
769802
387171
495050
386005
546863
271780
954706
402490
602737
944837
571199
269002
705374
591829
461023
744696
106066
196226
805854
399807
618936
831537
886380
315576
328729
861695
330470
626661
619222
595995
321914
851919
965226
735220
424219
286090
705979
813150
118952
193868
638024
372284
886661
694189
532336
763187
880027
246240
511782
941684
815686
927020
137082
434089
149736
904261
411141
461371
206007
352838
139379
755039
680460
612726
596919
633308
337429
388409
622731
591157
471225
851838
191770
872492
649941
380678
502419
581985
322474
940591
416699
182489
197186
547443
124853
428264
152572
710083
620536
480575
915930
417193
421307
832924
950346
981039
756109
952872
683599
672415
451409
182311
593347
866136
979818
197099
883804
439763
662116
927192
456948
215340
369682
655454
476182
938603
956112
619815
162771
686219
937252
918888
935669
519349
974740
513675
375111
428312
342392
441351
307859
394932
865005
726920
673203
269783
719268
674208
596201
983899
214187
649033
943732
370879
392892
850328
839443
645279
239914
114955
645641
469929
178402
391925
190725
964062
387481
528652
557244
502283
359248
569734
689025
591316
974972
763886
525032
137385
572039
216580
403886
747917
705939
209789
405942
883178
500393
354923
180853
758635
998998
477275
324464
227213
178479
560303
934722
973138
218696
458454
274089
997680
319672
261298
151606
808643
199890
322675
368874
144605
395745
802038
529164
394526
718431
477289
499247
166731
154236
373187
854764
518682
560153
978966
163814
577822
343745
261567
313728
895941
425212
808823
554990
362070
702378
235567
184482
850214
457280
884853
787274
379874
997522
371716
892499
258200
387221
902162
295862
954389
463468
183518
155964
120475
559756
716761
275713
557004
941345
853495
459214
910181
981774
110729
740920
777333
655063
532748
349174
763699
345445
882743
694615
645117
404253
568551
663286
319278
939800
334103
251669
526526
362154
901187
631428
958339
348742
283082
572280
562476
376178
883616
442097
389245
628243
549896
949341
999141
740970
600936
716999
967673
897504
573825
564981
521639
991940
234891
309553
634097
739551
718894
800014
877821
988042
131165
960632
151839
174331
172646
828975
391608
690365
995462
190990
208685
549998
844793
715163
919069
824221
875925
205608
627986
167620
112964
142479
120890
339278
493658
815695
611251
906438
288306
326747
473291
470893
685159
454502
497485
809189
170636
406974
341015
861020
885912
928265
999711
801707
846340
617900
207206
471209
593923
575744
426687
727288
829575
589492
864039
518843
339748
563687
233467
390872
361183
773865
572947
188341
523552
319999
910026
316945
686709
425167
115287
605122
152740
217332
147405
757549
967170
323217
456125
802736
767741
468809
310868
224812
263041
377176
358412
725078
639377
908220
120277
561554
195546
820024
182928
751165
178975
627830
765673
304757
784293
761042
636625
707671
423078
492992
358531
285779
244311
198443
284810
422995
579253
464554
823020
705367
955703
613340
358087
734832
725702
676955
102399
933144
290861
698281
682720
720042
932492
378861
265684
718094
247456
509794
261225
797074
402233
897296
759663
519612
206953
206160
441425
537737
941280
919344
