325281
329638
553991
834521
881294
742146
766315
437121
167438
300263
576299
111744
529029
916108
291657
652255
736626
310458
513579
920496
986605
192748
752298
388958
327548
539656
161687
670888
151964
647020
588824
462815
779106
510473
666253
187127
398364
917047
540947
842207
128873
783617
582333
793099
361162
256429
854609
289115
917199
351768
952251
455692
907771
558263
429667
490594
993982
674363
656185
383037
520856
647128
417495
515794
487794
372777
209882
858346
748074
502407
440428
997461
602265
813136
105906
106147
143599
620784
981504
675570
717079
338594
190388
564417
597085
834602
741004
675890
752140
364062
280489
515433
351697
910118
601255
294021
408131
391629
416728
903500
850102
863653
419740
797207
242753
333814
812927
516969
164962
996296
703342
355422
293361
781152
516241
801322
310897
918006
269619
317902
645476
660045
666247
298685
352247
174460
144285
809089
630091
481626
510609
634207
944257
309309
730961
652397
593303
378847
212855
286885
879099
989822
689133
197976
206979
805756
950375
977519
654537
582996
415934
585151
347599
330203
692753
399763
834792
247507
138278
213144
858405
107377
594449
687360
600652
274960
143446
520870
784540
143167
428200
280136
560782
597289
581089
280386
974396
203818
502690
331155
746018
431530
916861
155215
678547
514678
744145
121533
344770
707473
614856
563149
460874
160177
217526
134321
272722
887308
578496
836516
820628
564806
532421
662090
632284
343480
188950
566521
686169
873773
647768
795454
143947
787746
152987
967153
457231
750565
281069
106437
329727
885710
452275
799064
884298
118410
558982
366120
636450
136424
890685
352876
593713
707586
216624
228898
898822
923366
546260
746588
876587
295238
628405
812573
737193
282635
128243
724713
863895
616147
741392
872283
249930
893047
392001
740167
804161
578625
351005
545003
280382
572197
433244
360250
644861
135855
957529
460340
702818
632756
887797
157154
627161
432668
643273
361372
286760
205093
507150
725570
658980
539934
163708
763152
804523
211271
549572
640608
846359
820872
825998
157725
230070
599851
766405
266325
304322
942018
448754
728894
594926
276946
680868
502894
623834
913624
251380
558478
168320
411489
857621
158397
418738
629282
940413
392113
859914
136618
162734
194333
736550
760074
350937
751717
664910
943078
266551
724122
242290
342369
545000
780012
478143
666849
362279
988639
568852
601855
705799
886332
395107
718305
864804
233674
710116
705163
675857
495810
941038
335966
378874
544403
237002
546966
550265
713908
593648
670961
827657
372714
358524
398216
317593
525499
318743
247077
931596
488684
744926
324709
163279
571627
897808
750811
539736
378819
607436
291727
494488
289483
523770
903074
882860
939088
721286
745168
558237
815406
312084
149368
127842
754907
481461
352611
342473
791925
954073
897945
325684
618463
302715
611851
547018
389509
528102
495329
296272
610439
194314
108671
999331
665286
390996
922414
656576
680761
719343
328172
259311
894659
472317
426772
934562
685503
857540
378930
641749
283120
862660
697651
503798
861415
651113
599254
503368
391799
475537
339088
652389
320664
690521
382216
441079
862673
505111
845991
261317
384171
285214
379076
839596
861223
401895
949332
185080
746487
878492
583825
472257
685469
423704
262439
316740
316491
173830
548357
986602
276126
254262
513963
428938
984794
246131
481121
542399
109926
587864
921828
138819
380490
622278
708417
597047
204664
954319
449468
212171
687336
935456
907754
511063
448303
714728
464321
467410
694712
992542
120581
220991
279722
256008
335870
182822
351489
623995
836989
607842
725542
404644
634556
160114
153478
168676
457552
409424
579575
583574
381932
502950
790100
841895
490268
982862
578971
469642
590341
785926
884563
839063
417686
455615
296533
905105
163187
193533
765087
204237
272335
138398
204829
802870
347245
566891
550410
923547
618701
741187
528448
831948
765285
893324
176992
382807
393092
206575
155123
251544
951564
172716
929074
571481
907869
668890
377634
913722
676908
503932
187159
578213
295112
355437
701292
473928
781112
428048
506202
672051
333107
574781
321025
649981
636069
491885
617147
377698
971709
676302
309397
561642
731234
340125
675321
607224
932584
898368
959882
224447
729704
595145
571884
657624
538142
555325
630970
689059
165986
256617
387183
693942
171357
122464
890123
102024
635470
624894
828768
708183
975970
966328
423599
246570
994262
180378
535682
925003
189190
252537
686988
451663
127492
689707
723846
253542
583234
263564
120458
660696
833880
189972
843318
461549
651258
901777
771543
144064
337197
897038
855266
327279
791548
873955
756110
745698
140205
706258
419063
367256
802933
183344
892322
858652
251765
467809
215237
205584
453337
475654
689804
932621
599758
282947
190708
914069
161544
235464
876183
903017
606001
675408
498682
909648
391938
981085
581608
327276
818787
203203
963740
135465
559475
524312
478305
440776
964740
952214
255602
562636
644161
379317
814534
854931
526036
609481
441575
386749
116469
637685
911611
180462
564506
188787
885775
337762
324507
764341
834431
264983
451314
849315
761718
423576
636663
261935
714988
404342
589419
955625
843952
433211
389840
981256
277931
380163
714184
653378
469289
584952
297535
947647
221230
626010
788913
197683
522122
523621
373625
713394
244433
110302
952134
786534
857830
974708
814515
757344
982614
536471
774870
352083
263342
137062
804076
373934
877661
235425
643079
214068
572270
741521
403486
367400
985144
399182
585406
702284
780703
611372
833586
632768
514004
847615
111304
256754
200637
949239
669486
350093
370363
284994
934391
901766
936156
534194
569525
889582
832612
635937
187326
718825
197086
712420
629215
453577
410902
801733
373196
174339
973770
853576
907834
644213
142222
771122
314806
858044
937400
536946
648639
300354
888905
917316
802012
548162
446136
330387
814907
912776
189670
140585
931440
313502
419182
754079
895065
543266
927211
939336
736053
905813
120824
778618
632160
885337
400307
651144
406857
870396
574040
395293
599039
551781
560954
118470
803207
621534
953923
261573
655857
217943
878943
313385
913583
667789
143670
662529
149087
825495
664321
761125
872096
127432
370516
611625
388827
355824
292377
277891
462108
224151
975250
224123
590512
236800
187654
138747
490996
925418
380221
241074
232883
840904
977419
831362
612231
221578
229688
862389
295516
165053
601170
200621
156094
534356
447226
873768
687197
545991
149753
731486
243344
527666
139609
200959
350460
228754
902643
446406
826593
230154
576158
172836
868522
616731
446543
196578
603779
377913
818408
887543
680453
988346
404101
249466
797608
409221
720315
982878
276424
510830
567327
146558
335444
476287
585276
471906
202348
467209
554239
373904
744724
428794
824605
474066
453617
425258
669239
223137
137799
814536
384222
275878
404699
448604
820832
985373
313122
163515
849483
859637
520696
164714
191159
725340
499820
812542
547114
858280
792945
127194
935098
171593
386250
550241
679776
809116
659202
518200
552723
583636
956600
479749
930764
170553
416266
351086
422692
501172
831374
480478
675641
