977178
752563
602637
190811
922700
793921
761273
495285
355221
852335
186865
790056
445845
824086
716346
251086
534777
458378
413302
345053
883639
181746
446633
560531
223170
275120
638243
604917
582454
669182
562586
561587
230709
598123
603436
634988
471026
448593
141000
832734
645694
416092
184731
726403
189077
881415
181705
191931
801406
464321
970970
859484
636465
695446
976563
690290
233547
853339
289731
279556
847903
384447
918692
526305
597788
168164
514983
850537
630147
432913
931146
314868
460621
221542
746584
158634
480348
390350
748864
619834
955739
552143
800840
804078
722122
642438
857472
619287
580272
437113
484982
834779
836170
160908
191365
417906
642859
115512
457840
737441
515426
284699
991137
875813
690019
262794
132721
704101
656176
667038
731671
559059
236020
112427
139294
211397
468081
505183
529554
111901
485860
356857
879781
364823
750332
926289
848158
664975
142797
796550
603661
607229
554859
930244
431861
679856
146335
337956
777548
817087
851546
368730
805635
652423
974048
484791
820443
389347
223886
922216
715787
658396
784661
379772
693375
424758
589856
408047
901119
328792
761927
807813
802583
520292
347983
700038
795535
324858
464597
793699
800346
212612
935275
617135
351531
796848
936739
860013
358997
683846
712860
528211
981174
884425
424105
151606
564073
688909
958259
944685
704655
522916
749011
813989
690955
613079
367389
153180
856747
242900
185671
351384
320932
604131
507138
104128
296560
377994
337982
757823
999705
864435
515280
336943
702525
904433
404721
473330
476859
530065
345208
634741
876063
930516
403715
642181
562491
935286
118543
408650
941419
533633
789417
313268
476242
113858
705552
534008
175915
495467
421683
372446
181440
722652
333481
316710
365652
987420
503540
936698
923755
846904
155333
291226
681984
924492
628585
551527
637268
310923
808058
676972
771229
483403
330924
140554
446873
613242
707449
268123
419304
171642
598920
704604
231469
761343
999563
329904
293309
495693
565769
904328
884965
543743
639901
793416
450704
515300
815850
968493
544671
469147
543269
421482
240421
118644
258940
158565
536414
215769
869503
745532
112882
714486
545267
714538
646113
225196
402167
494413
170845
449099
541940
202125
806854
732153
253488
537671
423360
742158
411645
790985
448612
902446
363770
145791
519086
682972
977497
311451
213251
869839
523223
618200
834552
231965
506139
986078
795114
155258
137943
672562
231649
522299
268411
935333
471728
331312
111199
461072
846488
109302
541629
485020
388823
223989
483471
781191
521430
477288
241008
381702
636838
498412
415325
977961
728344
659146
545102
630139
998060
260864
183680
331108
580197
168497
786544
645408
143437
507926
383315
536017
495687
302883
700222
736278
548191
519411
539000
308813
354564
144858
769165
885406
343762
813067
707730
523916
690044
571731
922476
430268
140584
667617
871266
959295
709473
105301
157102
763032
712808
347986
714230
583953
829965
302338
449219
905210
759947
895090
875582
768263
106832
364140
237494
976015
514225
501537
432756
664132
968910
164992
676615
246366
758164
976272
517729
134117
598495
768245
959544
833039
274899
643067
438453
309874
241058
107352
330711
316711
767196
781021
692827
530766
211967
170097
170354
837758
803634
501709
654275
215222
301792
177585
836696
204220
678702
549961
809910
792295
294008
149008
488433
619675
470115
606585
301472
747260
826803
908354
875641
164659
112720
161156
880793
740660
640197
627713
490853
809013
828675
978228
546411
518805
911056
182328
797754
371641
205087
755809
808156
823578
926390
248648
245981
166890
639245
311910
905672
829611
287033
437495
421454
189647
817832
900670
910911
528426
139186
773712
805116
988217
861255
698367
840944
861854
815404
534843
671552
468174
992049
695908
533679
329312
371478
446712
255514
769685
499615
676522
248771
565192
446010
215459
386241
911231
130807
567522
651242
596358
556573
148352
509411
965737
991297
543116
322951
498683
736490
172845
347166
558047
499912
582161
230198
764227
362030
243098
389168
586430
766250
597169
247931
251853
348264
590998
344269
486885
723119
208105
189972
240793
175868
348473
115650
588940
796953
141076
823459
986182
556009
601718
824993
253408
802569
292640
300605
552413
851900
758758
454149
695897
421881
524964
687041
221852
222771
280563
682130
694564
441730
265761
877298
593278
792487
753091
627779
796470
720295
206663
231277
935461
232128
210631
129586
197230
307573
811582
184295
541505
969217
973602
717746
100239
638734
978549
865462
745505
862835
537831
498477
597199
578231
928456
684708
488883
611123
106142
766329
224190
485539
810322
914139
543584
725274
150992
128533
741113
995361
730063
761769
515581
803898
246836
808144
503094
122653
551473
277479
889732
898675
539337
870817
574943
437585
998753
741780
255268
926439
674625
285609
750182
593077
823947
526311
506461
123019
486196
800733
457820
858508
988706
962798
548235
696470
736442
397407
461795
143020
479748
520123
996459
591000
128230
549145
783750
321530
728960
980958
130688
598697
427498
125679
831678
611645
182645
518711
490919
451392
231651
801597
607253
769005
547298
508157
439835
494801
436292
512119
343126
714614
349746
825937
296164
940639
572116
179809
800582
833639
947508
314862
367095
354434
902193
452788
952369
185964
748554
933571
387533
177277
722995
800918
143576
238562
665752
952904
424894
465336
555141
639346
214852
629066
772759
513397
231823
138556
378182
662316
712470
664888
166699
593173
383896
181449
733596
502995
222240
719785
554403
316239
408644
666566
176091
941608
545761
941433
359825
707267
767967
413505
767011
888407
681747
472699
425803
645374
526410
193819
461190
572466
165716
861911
535398
842019
749123
366688
912161
459742
296787
529190
208383
487931
340232
714917
114698
643443
981197
895273
827536
108471
444691
214154
580833
379443
553140
343531
381865
143117
495284
533335
992176
627686
183806
326697
723753
935423
306412
807864
907250
332215
561590
521446
940166
918146
786526
586609
766827
119153
503573
261037
721887
750868
676706
750601
699705
426418
169198
537073
827273
330693
949868
595734
621607
301859
645199
440893
291666
954832
426117
399236
408270
829131
227250
593892
684490
737380
585299
421138
499319
936782
166178
672380
264340
703927
992229
132847
156815
522627
707844
911137
827934
797130
430171
865040
916275
534424
671547
716844
311037
705074
121094
760810
605096
850040
977083
869834
970867
148138
541659
846885
697840
327210
939158
294662
939140
340121
470225
311797
982913
155650
853519
592283
485040
684916
410116
116540
148823
605605
316545
995004
600737
395832
125092
991003
820034
742380
149467
983660
357882
698369
157343
556501
499752
242852
207843
123690
714177
773605
625725
260980
470159
401646
162648
424397
912313
310705
873812
476735
373911
942431
338558
185214
414437
569160
984881
660596
264908
259476
655892
843960
129949
487821
695569
443718
255481
899286
370189
971130
506521
309781
547185
821929
360374
241109
370249
356986
914077
477196
822923
589156
419770
743699
647278
348732
936451
301979
773832
711945
475811
