359611
419399
333721
549081
280040
287847
778417
186007
879629
684386
847202
545533
590237
232950
582372
393399
340122
726506
882145
208737
747858
104503
835959
854337
757972
279506
223818
491405
813005
726942
673718
807226
485082
204084
558132
155337
208844
301171
598576
714403
771327
409733
852545
199785
553307
991241
921212
620557
762630
949325
397886
846313
233298
243410
763346
868394
561468
998302
311376
487706
879597
486279
582214
747554
642119
228169
207952
984036
517849
372372
584469
451105
312257
483096
526455
891517
958398
884104
227338
691650
421595
984245
968929
143079
849794
846273
678921
204705
595385
362627
662682
373395
432390
741154
824547
271481
705785
507888
550054
460652
463790
328640
154399
687463
782103
374174
280794
538035
834645
248570
370069
272430
544399
604628
825395
158286
829512
387098
629500
476686
866699
713486
749101
838629
902267
708561
820522
201470
641112
663734
560616
270745
645326
514019
524223
310534
861814
312928
167393
313735
940300
884407
411317
174494
612008
227881
861078
989393
221924
148616
797643
697747
213929
794620
576108
404486
518062
585866
991050
238162
479461
976698
880676
773760
302536
947301
860064
687173
621556
966702
552287
104745
250372
282180
660517
310688
461728
802907
139352
593463
300951
893518
203547
862070
190325
293676
342991
509148
455613
866027
766117
772584
762494
150262
300924
500946
883963
310878
270831
278056
770346
544948
301226
513606
583401
824881
156947
272089
678363
903571
349090
206661
435893
405537
820095
950169
466757
739625
750332
248231
580817
427450
357016
304790
701618
205131
102332
669312
790791
977033
410519
925568
899628
172480
423422
598405
931829
384677
895876
681478
121443
367165
581527
157390
594268
788960
935176
356718
701977
663574
674555
597001
651762
158184
622828
998757
328720
711470
418278
103770
417846
252258
453634
629957
641849
352041
337837
793548
681550
426685
437312
740832
818884
845288
172990
295766
190716
713663
669539
406524
312202
189529
190860
942374
875468
457853
687897
567046
523452
226691
573721
940880
107997
940410
276568
635443
414702
918164
793582
880986
366180
142994
789579
284795
241654
581054
570997
785162
797941
216299
539552
545668
432432
785631
717001
800897
725959
171544
272238
172381
814752
986531
325211
902168
568360
395817
596680
744376
196403
827785
154496
443089
425304
739899
843734
838633
234796
725246
466993
987913
798994
958652
960407
905430
923713
814422
633357
124460
189757
372520
966956
674799
679286
158349
213948
138027
147199
635901
925654
240877
506755
771680
979218
753992
785326
783204
205055
785393
826925
326123
484842
498525
352418
217434
589223
851690
422380
763582
610018
657126
222460
238080
464250
888024
416484
359180
421629
937659
234522
159701
796674
801541
901635
171061
100560
847081
611308
112780
372694
462331
594839
289115
559734
281048
895398
730612
883664
249801
279177
811072
533346
395188
277490
129413
442336
910490
319045
183661
994131
322696
157615
698156
246423
205454
860118
923497
139521
920873
603293
605615
695196
718022
134099
459413
187482
120518
936679
310716
443235
808745
963827
764336
386152
849010
524376
947159
181179
278706
958087
678829
551889
298981
360675
675066
400442
254802
979972
307831
236463
931071
771622
366158
915033
177076
181128
858446
541214
909346
530903
823758
321996
140642
730390
122903
342407
187527
378747
827262
427300
575989
428616
224644
475010
970868
614741
697434
646795
963008
250363
988110
740764
887926
414362
974173
923904
750802
300723
902838
908278
631761
379880
429208
208715
986971
172936
453022
956092
381141
182606
849471
148839
628737
771996
111605
545800
959774
246407
565147
172892
293120
543914
692071
869741
778266
509322
205978
207220
233370
707373
813170
387676
349619
673359
998653
427061
651482
852185
925379
335179
401685
127717
753781
128280
783610
846221
129457
894922
411736
838556
548990
524146
505466
538818
576576
245603
259462
246360
725867
183893
919152
527397
985918
255141
921053
272528
422014
392627
498542
308716
106694
206219
898091
607675
732364
789223
504553
432945
674983
380226
217811
626603
218128
271851
244688
233271
561016
954532
444317
512608
594402
349071
814471
157806
458252
851088
233655
710158
968988
144641
542640
276633
160074
836348
336234
729551
381233
180597
792009
657135
538943
676352
773534
763224
184465
880682
953345
416747
962687
113701
537792
969384
133688
542736
676507
989597
930415
821909
439804
813305
334760
901492
727250
585656
803781
735607
643830
876049
873476
177019
266779
696144
280289
276072
678403
590003
737512
647095
214986
788085
378561
397959
614679
489623
319718
912846
436284
417609
302626
355884
672824
244027
263877
275748
397835
742556
747795
569039
834713
183564
840048
231967
643163
947866
230994
366632
434164
486993
365691
101742
506719
794265
847723
752877
373238
584473
120665
991006
618468
796768
543648
895654
793748
798465
655798
571265
910724
772904
125361
933115
218469
550251
852007
972402
353878
470960
369188
330254
705479
368818
694013
750700
338645
862221
140985
234595
683799
250665
764652
820295
286286
347369
520579
989190
823129
454530
516663
730079
116007
276853
304401
626508
481814
510308
729176
951795
699457
736585
727890
183710
286739
980609
146308
727487
637463
702669
221176
711028
799182
286029
330670
809943
834880
766714
549913
351429
516331
656055
897157
965303
402829
165487
968271
400070
303697
572517
380558
569716
304456
656686
268681
820711
609135
227161
756369
426752
241916
905319
111861
663692
366422
240590
377400
879957
963577
753549
322886
394132
678130
413091
133243
480100
873535
166818
952612
314986
869620
405840
781646
633730
485814
382544
522350
729660
953660
641441
913366
282940
381832
349072
757289
927331
560322
484351
656203
460101
247040
269400
685107
318670
203306
674483
345331
786820
893803
215609
152647
675716
738483
446689
475351
583970
703085
815759
831379
527312
638324
481170
826283
925904
746326
780589
757618
899250
881865
279706
953989
741088
117963
527725
436066
493312
505712
771667
475352
626746
613298
910311
699535
433181
587824
503714
207113
405246
198002
348012
312318
194903
477942
988836
659043
567725
819930
627327
860100
271857
807221
875288
587997
605299
268071
820573
816086
562911
140345
885148
221148
526092
566777
449200
360720
858576
928357
150673
306843
987239
153054
867495
364590
879323
388617
855216
776619
166690
684182
741192
865050
694215
433499
170853
544619
285779
405670
414486
458994
133629
233906
966229
445606
681017
605947
393841
499894
337969
859425
482313
221109
676354
483903
730202
899230
232984
104129
601766
441549
549844
950335
182553
864922
109548
236430
211459
889509
260195
394606
657423
535852
579240
447605
727292
337709
764136
519960
100649
114010
485808
140198
213578
325346
760439
816838
622119
645948
522766
323053
122905
224583
622841
445494
580512
915290
671122
324057
499210
170917
778086
344613
469927
597415
183243
994165
428525
681661
623571
605511
140983
363495
930151
299929
964270
905196
432682
676918
229197
566901
631663
336020
371307
330459
477105
409540
