504479
847306
135163
505810
888462
869154
914332
596691
270830
319831
596179
888525
467341
997031
303818
702084
140434
662535
358991
653628
116518
237855
554470
892864
877940
194491
915369
810106
264465
551370
627519
803764
623583
122099
662390
493620
830887
690806
410348
402662
202276
627908
817215
961095
805531
135645
659633
625823
752527
853450
598790
562110
894839
550056
540958
389577
502154
611719
291979
682812
272161
712113
929093
707464
524370
961202
384615
874254
278593
678887
790622
622762
233237
373480
566417
502968
836833
174563
165834
807992
181956
642336
696731
138433
651934
418917
872147
382806
825849
328768
212081
392428
277592
650572
980268
341796
643870
761868
459101
112987
258375
246167
123187
729152
202834
801718
122023
503337
116364
317302
965353
198868
641410
948996
355881
193058
148265
502707
187234
168831
362132
700629
336450
844767
197225
891901
107291
397828
208796
631700
729842
308334
682711
267636
291423
213151
707176
612442
658471
830291
791164
104817
910709
620220
870652
374158
147989
494109
104077
684130
759209
509042
483073
822419
210333
667785
168451
803721
332423
173135
912288
848077
893857
645504
646513
875787
678106
943806
716060
964556
527183
819040
943468
236369
800800
789736
784716
166227
569776
972371
836043
411187
581234
167962
188480
668561
683875
211832
636897
116993
904482
436993
209957
653784
500361
837620
396910
135350
116387
859779
296354
912428
339640
988433
450294
106285
704650
772766
484582
567487
447011
719714
291726
160964
865985
230711
312961
969357
109889
203651
499244
536964
666107
899549
537061
578436
112547
167590
467966
167605
937703
655442
246876
557291
125735
314184
351820
111865
442006
210512
270359
593661
956923
567521
460429
911647
885174
379764
377666
882070
817283
780129
617326
653821
732069
915487
825768
708589
913922
155104
928601
845940
982347
245964
418222
504550
699534
658361
651248
344624
867787
644520
804253
609851
823570
969048
407938
749314
627003
178914
357183
687954
594113
896490
393391
707173
464511
350533
707859
743198
489171
839624
990539
324851
100188
212891
828130
351542
680832
791843
177375
902670
343036
287041
250720
995203
762139
771425
708124
271798
494981
807854
649949
627131
674160
722493
935086
992171
731705
438162
658662
300259
774842
571272
704888
983343
519871
316612
707225
988295
744493
413490
645394
116668
807295
245287
269342
286879
569420
785956
721296
485208
477450
214092
913298
757091
425915
365389
277547
378297
225392
582267
708640
816591
668209
755128
577936
735173
182595
568095
621659
319620
270816
908837
713647
313143
516732
609006
847200
411211
403853
369393
166764
581351
636213
397924
865740
136079
309698
560810
291754
416459
199174
640769
497315
493673
285739
752517
620465
585948
118363
412036
649341
403381
920618
646833
762302
842357
762902
744451
967420
679769
201816
907316
420255
566033
432255
834874
687787
298958
214111
434497
223985
171763
452547
462195
762748
217268
894052
896702
420730
504086
164391
113945
337773
211884
525533
966235
604935
925079
514501
492498
814586
926434
781619
104510
801789
458387
179550
197063
655933
860528
550697
792823
640928
395199
378931
593353
487953
846522
406800
123793
828522
408538
515683
341613
586077
250082
607574
954614
565906
876494
435884
534945
254217
988712
597239
385535
789300
184226
405084
817655
503518
636844
221547
452525
867581
731566
174917
521242
489294
123576
525222
150378
232865
751769
812509
556273
704727
305471
905899
667983
739210
521806
532799
359533
695835
369474
472035
925343
559323
514273
411780
328206
599332
801541
473038
157179
247087
628773
774643
962725
677875
953099
132728
857993
328779
751833
738580
455665
755187
204998
602191
134400
171997
771711
818055
465968
802103
550513
696865
352126
650141
418330
289038
133039
765360
977387
352922
636741
724729
492903
623340
520256
546637
781824
672314
853157
325249
582546
856191
608233
824189
733852
682984
543328
147860
136537
134791
928918
197868
769313
242731
169972
560397
592694
273619
427084
525997
529748
448023
496198
746611
976058
546284
234915
945073
688942
993379
660736
624125
799506
226999
255424
524797
629761
377475
932779
449993
722182
789408
612466
519132
960717
643085
985570
286394
878637
104665
357434
698484
399888
626908
702358
405781
679975
436617
120113
832646
968135
744831
618600
334459
648589
618701
831670
661199
803779
679563
818625
133406
353106
684141
435677
576627
815000
492795
404926
285475
917869
563211
950109
147826
413049
839893
526743
414476
122019
428120
856339
866977
131468
503531
123626
745979
359280
658395
387532
544539
321172
521196
369937
271165
739536
442941
592136
977627
552928
515000
794812
486046
295093
531039
834884
603222
601226
790710
730392
846688
829378
318944
744978
536524
738068
654621
739056
465992
579640
272395
403351
287444
422628
654251
514826
704127
140026
480015
803211
293166
986139
476802
828282
649147
784949
245225
324256
830568
849095
467152
684315
390480
830431
423387
270256
599002
725909
612175
713717
815329
884657
806832
475444
398458
813421
732938
964420
136547
805093
184191
556271
555649
620599
563402
851395
526547
993645
474277
154182
982571
514034
591932
345473
864473
756523
280344
310023
668847
936002
534661
157845
253347
978590
882449
296563
815252
308193
707619
182967
709369
356881
337166
296090
122920
101067
199002
320243
332252
520769
263760
320037
278223
182268
649611
504750
763289
895298
251567
110734
203131
823096
580809
373771
111508
562438
804660
692966
889701
905124
725517
146770
637184
157837
104289
735283
843375
537013
964869
635201
413149
643633
884665
358148
669090
491347
592929
944213
720734
261345
410644
630112
172419
556954
660663
932769
859416
937362
608950
246904
485761
850504
885675
687342
364133
863632
838978
964196
947236
224906
324357
432215
488181
568559
586084
279815
714635
638163
871393
202512
235715
925752
489274
727297
803590
755237
634290
887712
379620
670433
263667
191702
225284
886209
758084
696292
665238
509036
245576
126528
506007
521310
898701
365605
705793
658874
132207
794215
626460
194705
356653
653767
410620
382917
584945
619327
931309
758509
435505
433611
645972
499959
122192
228749
173663
104532
698652
925051
839613
317606
822017
424950
833518
176222
138284
783472
185445
692928
498835
737608
390388
870862
782738
868986
625017
823186
677698
376079
627256
568537
403871
407407
777934
554810
851472
668153
185288
758841
154807
359702
269230
528915
902069
464189
487433
102997
343419
501236
390899
834026
309623
222580
923390
117789
736889
144994
996546
465264
521871
920108
255870
201811
157837
267874
871188
617394
688856
592920
215692
759302
179321
535358
785953
731782
442663
977509
467479
183980
343209
975676
447796
521730
892368
823539
820438
238201
997312
498353
243768
820321
197170
336482
498553
564181
645021
557471
366265
520232
292252
163878
814075
360007
230379
720744
493888
988791
763535
495692
106175
874356
379816
219000
272481
547206
203876
911220
563320
416436
369309
555611
407967
204977
147415
134866
669952
834920
212135
997510
350301
891536
554832
143049
