915034
236386
445200
982142
206319
894741
198714
726699
313146
219006
481797
142004
272445
896673
952830
165803
124865
458314
393268
750317
130947
481336
476574
711325
517965
786422
952581
646082
262761
813625
594836
305320
365746
981965
269094
894123
445011
327163
355860
449793
321646
824100
694972
730681
618181
657057
178149
789453
310306
268634
976856
721995
484497
193963
728162
177761
137571
883509
952105
271679
180695
286318
272352
380933
720670
202135
565512
751033
494043
723245
413686
290546
201282
281413
730701
196368
687466
502155
687578
612101
922232
893442
966709
961464
628263
451095
303192
451890
909553
823315
845664
119633
692675
247184
864231
972070
552478
463425
498923
351571
372390
656845
758314
346748
505269
811387
879842
698404
719665
596400
943056
450249
450851
825617
783432
920592
155899
813349
486631
172458
417296
609260
998691
286721
451175
910311
517561
906876
563435
829606
687269
943370
518481
665110
703113
635961
739904
545325
493621
420846
875760
519805
696266
825223
325761
807376
181171
892661
573818
750043
662967
925434
639857
123109
641504
458945
476685
703951
675382
682095
100378
523986
872992
806608
973006
486675
460962
787574
566464
788369
966247
538292
951665
309685
841509
386519
356040
614167
424211
919685
517853
969031
136082
199622
491695
284187
588918
378120
273196
537855
991573
649509
332344
396110
864606
946479
452260
688566
209773
371795
400919
506431
390526
956391
492366
629190
479889
830353
749868
499638
563270
173414
306496
505619
565755
985778
746465
580122
158771
250553
840995
988712
613609
901608
179905
319159
884355
953422
524696
951663
791807
267709
802834
263732
657151
831734
262546
469410
942538
633317
202040
847647
346209
255995
132992
388706
992869
376898
864951
378795
475361
360451
575096
715200
138523
214995
178620
519966
295404
482182
842656
119697
529612
773114
646758
554300
895279
290833
752834
280077
448824
852139
505856
556959
751293
264514
646446
602613
227226
480439
378645
881958
453322
596806
188874
739601
119845
988690
393725
146279
474020
446560
370980
272206
461730
483332
977902
383755
101723
210617
127564
943800
802806
877598
956456
822465
983868
490826
662803
579089
169665
709021
106029
755328
957299
700482
296244
518135
254046
449497
159832
334227
555821
414074
971678
208599
441657
372479
195393
579877
284427
717887
268537
541646
176945
930614
858371
153940
340585
946020
747731
979254
455482
745260
121310
289833
287400
475680
861582
591936
404926
588006
359995
889316
956816
224659
894386
717963
405668
838382
766243
883148
933525
187786
153748
218412
670250
872630
156886
805916
421050
309140
827343
886551
814910
869603
989840
842584
493866
677866
159880
794694
919750
166971
786499
988600
884256
291663
210005
969649
948906
995040
884752
842224
342505
746148
966376
812728
631159
284399
368804
341811
711840
884577
430462
618082
713228
714668
874736
254074
995385
737721
810735
361157
581954
975390
795838
564958
384224
130546
968335
645614
341265
513582
597924
914087
718420
526290
311811
959143
168523
893706
782072
562235
879662
725492
552920
787187
698704
122825
591756
474576
382274
629337
106273
181184
143076
445779
342775
927455
325189
434752
373454
145277
948614
361772
205259
430876
376889
760354
785740
975612
187718
435909
210673
946749
603267
953777
927773
720355
824544
266072
980374
711669
383299
267831
518987
570836
276753
175578
206963
673029
518676
723876
669705
314281
448940
655132
577020
221194
389396
976934
148712
145201
909865
299471
774050
992826
474150
540932
481728
251256
239785
308256
671438
209045
693897
642353
533800
187318
756959
761122
965251
184958
715013
603736
189780
124701
550680
386082
891841
852382
671072
276702
198111
696806
629351
885726
246289
354069
642764
178165
455830
908163
871145
382681
265455
330676
657422
163647
421267
244906
243934
503578
513609
990595
399044
680806
685361
974167
227193
857824
704343
939036
279282
879498
356386
716658
751141
844648
291007
723737
557031
788610
662272
359449
435996
499257
918091
743532
247078
660032
669771
270513
398776
138829
879329
275955
959889
889318
916404
821890
939068
354615
909240
439526
183290
241097
288632
414637
746699
125182
443458
148234
440626
386759
681418
480023
456407
236093
843602
846045
639424
648996
105437
249263
679160
762756
158843
304399
829803
209062
918520
638648
810608
382133
626104
719434
885803
801595
849918
273124
869756
733280
690797
558207
537165
999250
445798
801713
965578
447467
247704
853066
107292
924621
841512
409966
710420
122421
348258
150130
590054
406054
912816
351296
962456
129018
502899
744765
603420
133430
417202
753865
468227
103574
375940
339720
965588
282305
904944
404654
866835
887635
217471
895661
271132
860743
928819
668183
807165
504057
721908
754977
449566
840656
587898
356862
370159
282526
802521
223455
890831
998086
292000
413178
531503
846789
286984
180591
866157
305525
789811
632284
146661
990032
366967
332428
974541
217639
869667
184715
916442
739678
500970
129273
640782
168065
108362
132957
136043
505768
226202
579854
131539
111909
473634
798959
699339
743189
457482
603726
800823
967842
913522
903982
659636
357562
509300
951680
481359
893997
746038
143266
214440
350026
872362
857542
611647
349476
437494
385305
232437
589196
533226
820428
266944
799822
626995
138997
900231
331515
898495
597652
185994
814514
395825
554545
661694
609325
394737
286395
396178
418269
905902
232576
940969
652414
566684
462246
624406
175166
502578
121784
506117
994612
878626
525207
433062
325364
686914
642729
256699
689243
857504
481683
393081
624033
225491
106125
805393
285608
763639
708927
905010
676201
594548
797042
861011
276094
648089
602881
523015
380899
347773
607854
548775
977759
422502
577091
221124
687434
811039
792865
782583
158976
751409
464317
328988
954515
441911
396464
122768
225552
579178
235138
390015
922863
844134
725683
416330
105759
929742
479786
413514
263729
743920
899582
252104
819218
824454
654978
781719
865048
293600
655463
333341
366877
388387
335706
507948
390279
164199
666607
344217
302419
983974
123978
638030
267252
245858
628760
561970
422911
389059
702794
480319
676969
418247
363953
381093
112667
322789
662660
816698
285956
873594
903461
207126
926627
982250
660248
585347
500995
203871
574156
783749
333515
734228
596339
351752
208811
480745
305942
532842
773535
703541
883460
974746
834510
104657
411031
906665
152977
466347
455403
486270
474639
759306
385405
513666
343210
887272
482473
347119
998249
214421
154228
326224
674339
894482
176536
303819
239519
584679
535836
724161
202313
913913
635332
602574
145676
938049
501468
635975
871860
714714
894622
574018
489754
177226
300841
217584
653708
893691
991671
633701
579321
603738
499097
529542
540682
254099
595879
944120
279115
835199
741356
952797
615902
906333
807117
319075
707780
776276
503278
108033
272961
657195
532315
379359
642187
914301
187828
243496
232921
416957
809456
215904
526461
499806
544548
248951
279883
807714
469381
614384
586877
347879
946128
592907
451177
302844
828478
879302
533707
198197
310621
120047
216290
